incubando,i_mild,i_grave,susceptibles,recuperados,muertos,infectados_totales
0.01,0.0,0.0,99.99,0.0,0.0,6.0
0.03,0.0,0.0,99.97,0.0,0.0,14.0
0.05,0.0,0.0,99.95,0.0,0.0,25.6
0.09,0.0,0.0,99.91,0.0,0.0,45.6
0.16,0.0,0.0,99.84,0.0,0.0,80.2
0.25,0.0,0.0,99.75,0.0,0.0,123.6
0.35,0.0,0.0,99.65,0.0,0.0,177.4
0.47,0.01,0.01,99.52,0.0,0.0,241.6
0.6,0.02,0.01,99.38,0.0,0.0,311.8
0.75,0.03,0.02,99.2,0.0,0.0,400.4
0.92,0.06,0.03,98.98,0.0,0.0,507.8
1.09,0.11,0.05,98.75,0.0,0.0,626.8
1.25,0.17,0.07,98.5,0.0,0.0,750.8
1.44,0.25,0.1,98.21,0.0,0.0,895.4
1.62,0.34,0.14,97.89,0.0,0.0,1053.6
1.82,0.44,0.18,97.56,0.0,0.0,1220.2
2.0,0.57,0.23,97.2,0.0,0.0,1398.2
2.16,0.72,0.29,96.82,0.01,0.0,1588.6
2.34,0.88,0.35,96.41,0.02,0.0,1795.6
2.54,1.05,0.42,95.96,0.03,0.0,2021.4
2.74,1.23,0.5,95.47,0.06,0.0,2265.6
2.91,1.4,0.59,94.98,0.11,0.01,2510.6
3.08,1.57,0.68,94.48,0.17,0.01,2758.6
3.26,1.74,0.79,93.94,0.25,0.01,3029.4
3.44,1.91,0.91,93.38,0.34,0.01,3308.4
3.6,2.11,1.02,92.81,0.44,0.02,3596.2
3.75,2.31,1.15,92.2,0.57,0.02,3897.6
3.91,2.5,1.28,91.56,0.73,0.02,4219.2
4.08,2.68,1.42,90.9,0.9,0.03,4550.4
4.3,2.84,1.55,90.18,1.09,0.03,4907.6
4.5,3.0,1.71,89.44,1.31,0.04,5277.6
4.7,3.19,1.84,88.69,1.54,0.04,5656.6
4.87,3.37,1.98,87.94,1.79,0.05,6031.4
5.04,3.55,2.13,87.16,2.06,0.06,6419.8
5.19,3.75,2.28,86.38,2.35,0.06,6812.4
5.34,3.91,2.44,85.56,2.68,0.07,7218.4
5.48,4.09,2.6,84.71,3.05,0.08,7647.2
5.6,4.28,2.74,83.85,3.44,0.09,8077.0
5.73,4.47,2.91,82.96,3.85,0.09,8522.0
5.87,4.63,3.07,82.07,4.26,0.1,8966.6
5.99,4.81,3.22,81.18,4.69,0.11,9412.4
6.1,4.96,3.36,80.28,5.17,0.13,9861.8
6.2,5.12,3.5,79.37,5.68,0.14,10317.0
6.27,5.31,3.64,78.44,6.19,0.15,10779.8
6.34,5.44,3.79,77.5,6.76,0.16,11248.6
6.42,5.63,3.91,76.54,7.33,0.18,11732.4
6.53,5.75,4.05,75.54,7.94,0.19,12231.8
6.59,5.86,4.16,74.59,8.59,0.21,12705.0
6.62,5.96,4.29,73.66,9.26,0.22,13170.6
6.64,6.09,4.4,72.73,9.91,0.23,13635.0
6.68,6.19,4.53,71.76,10.6,0.24,14122.0
6.66,6.3,4.62,70.84,11.31,0.26,14580.2
6.63,6.41,4.75,69.91,12.03,0.27,15045.0
6.55,6.51,4.88,68.99,12.79,0.29,15506.6
6.51,6.59,4.97,68.08,13.55,0.3,15957.6
6.47,6.61,5.06,67.19,14.36,0.31,16407.0
6.46,6.65,5.11,66.27,15.18,0.32,16866.2
6.4,6.71,5.18,65.36,16.02,0.34,17320.6
6.4,6.73,5.23,64.44,16.84,0.36,17778.0
6.39,6.74,5.28,63.52,17.7,0.37,18239.2
6.35,6.73,5.32,62.63,18.57,0.39,18683.8
6.41,6.69,5.36,61.68,19.45,0.41,19160.2
6.41,6.63,5.41,60.77,20.35,0.43,19613.4
6.41,6.57,5.45,59.86,21.28,0.44,20070.0
6.42,6.53,5.47,58.94,22.19,0.46,20528.6
6.4,6.52,5.47,58.04,23.09,0.47,20979.6
6.4,6.49,5.5,57.12,24.0,0.48,21439.2
6.37,6.43,5.5,56.27,24.94,0.5,21867.0
6.28,6.43,5.54,55.4,25.83,0.52,22297.8
6.2,6.4,5.54,54.57,26.75,0.54,22714.8
6.13,6.39,5.56,53.73,27.63,0.56,23135.8
6.06,6.39,5.57,52.89,28.52,0.57,23556.2
5.98,6.43,5.54,52.06,29.4,0.59,23970.2
5.96,6.43,5.54,51.16,30.31,0.6,24419.6
5.99,6.39,5.5,50.28,31.22,0.62,24861.6
5.97,6.36,5.48,49.43,32.12,0.64,25283.8
6.01,6.31,5.45,48.56,33.02,0.66,25718.6
6.04,6.26,5.45,47.69,33.89,0.67,26154.6
6.07,6.21,5.41,46.82,34.81,0.69,26592.0
6.09,6.15,5.39,45.97,35.69,0.71,27014.6
6.04,6.16,5.38,45.12,36.57,0.72,27441.8
6.03,6.15,5.36,44.25,37.47,0.74,27876.0
6.02,6.09,5.34,43.41,38.38,0.76,28292.6
6.01,6.07,5.31,42.55,39.28,0.78,28723.8
6.01,6.08,5.29,41.68,40.15,0.79,29158.4
5.96,6.09,5.27,40.85,41.02,0.81,29573.6
5.97,6.13,5.23,40.0,41.85,0.83,30002.0
5.92,6.14,5.19,39.19,42.7,0.85,30402.6
5.85,6.17,5.17,38.4,43.55,0.86,30800.8
5.82,6.19,5.1,37.6,44.41,0.88,31200.4
5.78,6.17,5.08,36.78,45.3,0.9,31611.4
5.66,6.17,5.05,36.02,46.18,0.91,31990.6
5.57,6.17,5.0,35.29,47.04,0.93,32356.2
5.4,6.15,5.02,34.6,47.89,0.95,32701.0
5.25,6.1,4.98,33.94,48.77,0.96,33029.2
5.11,6.04,4.96,33.29,49.63,0.98,33356.4
4.96,5.97,4.96,32.64,50.48,0.99,33679.6
4.78,5.93,4.97,32.0,51.32,1.0,33999.6
4.6,5.84,4.94,31.42,52.18,1.02,34292.2
4.49,5.74,4.92,30.8,53.01,1.03,34602.4
4.42,5.61,4.88,30.18,53.86,1.05,34912.4
4.36,5.46,4.82,29.59,54.72,1.06,35207.4
4.27,5.31,4.76,29.02,55.56,1.07,35492.4
4.15,5.16,4.71,28.49,56.4,1.08,35755.6
4.04,5.04,4.65,27.96,57.21,1.1,36018.2
3.94,4.9,4.57,27.47,58.0,1.12,36263.8
3.8,4.77,4.51,27.0,58.79,1.13,36501.2
3.67,4.65,4.47,26.51,59.56,1.14,36746.6
3.53,4.54,4.38,26.05,60.33,1.16,36974.4
3.45,4.43,4.32,25.57,61.07,1.17,37215.4
3.37,4.32,4.25,25.12,61.76,1.19,37440.4
3.29,4.21,4.16,24.68,62.46,1.2,37661.8
3.26,4.1,4.06,24.21,63.15,1.21,37893.2
3.23,3.98,3.97,23.76,63.83,1.22,38117.8
3.18,3.88,3.87,23.33,64.51,1.24,38335.6
3.17,3.77,3.78,22.88,65.14,1.25,38561.8
3.14,3.67,3.7,22.43,65.8,1.26,38784.4
3.12,3.55,3.6,22.0,66.46,1.27,39001.4
3.13,3.42,3.49,21.55,67.13,1.28,39226.6
3.11,3.35,3.4,21.1,67.74,1.29,39450.4
3.11,3.3,3.32,20.65,68.32,1.3,39673.6
3.11,3.24,3.25,20.21,68.87,1.31,39892.8
3.1,3.22,3.19,19.77,69.39,1.32,40113.6
3.11,3.21,3.12,19.32,69.92,1.33,40338.8
3.12,3.17,3.06,18.88,70.45,1.33,40562.2
3.11,3.18,2.99,18.44,70.94,1.34,40780.4
3.07,3.16,2.96,18.03,71.43,1.35,40986.6
3.05,3.15,2.91,17.61,71.92,1.36,41196.6
3.03,3.16,2.86,17.18,72.39,1.37,41408.6
2.99,3.13,2.84,16.78,72.87,1.38,41610.2
2.95,3.14,2.79,16.38,73.35,1.39,41811.6
2.88,3.14,2.78,16.0,73.8,1.4,42000.4
2.85,3.13,2.75,15.59,74.27,1.41,42205.4
2.86,3.1,2.72,15.17,74.74,1.41,42414.4
2.81,3.11,2.69,14.8,75.17,1.42,42602.2
2.78,3.09,2.66,14.4,75.63,1.44,42799.0
2.75,3.06,2.64,14.03,76.08,1.44,42986.6
2.72,3.05,2.59,13.66,76.53,1.45,43169.8
2.72,3.0,2.57,13.28,76.97,1.46,43360.4
2.71,2.99,2.54,12.88,77.4,1.47,43560.6
2.66,2.97,2.53,12.52,77.85,1.48,43742.0
2.64,2.92,2.51,12.16,78.28,1.48,43922.2
2.6,2.89,2.51,11.8,78.71,1.49,44100.4
2.57,2.85,2.49,11.46,79.13,1.5,44271.0
2.57,2.79,2.49,11.09,79.56,1.5,44453.6
2.51,2.75,2.48,10.77,79.98,1.51,44617.4
2.44,2.74,2.47,10.44,80.39,1.52,44780.8
2.4,2.71,2.44,10.11,80.81,1.53,44943.0
2.33,2.7,2.42,9.83,81.19,1.53,45087.4
2.27,2.66,2.39,9.52,81.62,1.54,45237.8
2.22,2.6,2.36,9.24,82.04,1.55,45382.2
2.15,2.58,2.34,8.95,82.43,1.55,45527.2
2.11,2.54,2.31,8.65,82.83,1.56,45672.8
2.07,2.51,2.28,8.37,83.21,1.57,45814.0
2.02,2.49,2.25,8.09,83.57,1.57,45953.4
2.01,2.42,2.23,7.82,83.94,1.58,46091.2
1.97,2.35,2.21,7.55,84.32,1.59,46222.8
1.97,2.3,2.17,7.27,84.7,1.6,46365.6
1.93,2.25,2.15,7.01,85.05,1.6,46494.0
1.91,2.19,2.13,6.75,85.41,1.61,46625.6
1.87,2.15,2.11,6.51,85.75,1.61,46746.8
1.84,2.09,2.08,6.26,86.12,1.62,46871.6
1.8,2.06,2.05,6.02,86.44,1.63,46989.0
1.74,2.02,1.99,5.81,86.79,1.64,47093.2
1.69,1.99,1.96,5.58,87.14,1.64,47208.4
1.65,1.97,1.92,5.36,87.45,1.65,47319.8
1.6,1.95,1.89,5.15,87.76,1.65,47423.6
1.56,1.91,1.85,4.95,88.08,1.66,47525.6
1.51,1.88,1.82,4.75,88.38,1.66,47625.4
1.46,1.85,1.79,4.56,88.68,1.67,47717.8
1.43,1.8,1.74,4.38,88.97,1.67,47810.2
1.37,1.77,1.7,4.21,89.26,1.68,47893.0
1.3,1.74,1.66,4.06,89.56,1.68,47970.2
1.26,1.69,1.62,3.89,89.85,1.69,48054.6
1.22,1.64,1.58,3.73,90.14,1.69,48133.2
1.17,1.6,1.55,3.58,90.41,1.69,48212.0
1.14,1.54,1.51,3.42,90.69,1.7,48289.8
1.11,1.51,1.47,3.27,90.94,1.7,48365.0
1.11,1.46,1.43,3.11,91.19,1.71,48447.0
1.11,1.41,1.39,2.95,91.43,1.71,48525.2
1.08,1.38,1.34,2.81,91.67,1.71,48595.4
1.06,1.32,1.31,2.67,91.92,1.72,48663.2
1.03,1.27,1.27,2.55,92.15,1.72,48725.2
1.0,1.24,1.23,2.42,92.38,1.73,48790.6
0.98,1.2,1.2,2.29,92.59,1.73,48853.0
0.93,1.18,1.16,2.18,92.82,1.73,48911.0
0.88,1.16,1.13,2.07,93.02,1.74,48964.6
0.84,1.13,1.1,1.97,93.22,1.74,49015.8
0.8,1.11,1.05,1.87,93.42,1.75,49065.4
0.78,1.08,1.02,1.77,93.6,1.75,49116.6
0.75,1.06,0.98,1.67,93.79,1.75,49165.8
0.73,1.04,0.96,1.57,93.95,1.76,49216.0
0.71,1.01,0.93,1.47,94.12,1.76,49264.0
0.68,0.98,0.9,1.39,94.29,1.76,49305.0
0.66,0.94,0.87,1.31,94.46,1.76,49345.0
0.64,0.89,0.84,1.23,94.63,1.77,49383.0
0.61,0.85,0.81,1.16,94.8,1.77,49421.4
0.59,0.82,0.78,1.07,94.95,1.77,49463.2
0.56,0.79,0.76,1.01,95.1,1.78,49496.6
0.54,0.77,0.75,0.93,95.22,1.78,49535.2
0.52,0.74,0.73,0.87,95.36,1.78,49566.2
0.51,0.7,0.71,0.8,95.49,1.78,49598.6
0.49,0.67,0.69,0.74,95.62,1.78,49629.2
0.47,0.66,0.66,0.69,95.74,1.79,49656.0
0.44,0.65,0.63,0.63,95.86,1.79,49683.0
0.43,0.62,0.61,0.58,95.97,1.79,49710.4
0.41,0.6,0.59,0.52,96.09,1.8,49739.0
0.39,0.57,0.57,0.48,96.2,1.8,49762.4
0.36,0.54,0.55,0.45,96.31,1.8,49776.8
0.34,0.51,0.54,0.4,96.41,1.8,49798.6
0.33,0.49,0.52,0.36,96.5,1.8,49818.8
0.31,0.47,0.5,0.32,96.59,1.8,49838.0
0.28,0.46,0.48,0.3,96.68,1.8,49851.4
0.25,0.44,0.47,0.27,96.76,1.8,49866.2
0.24,0.41,0.45,0.24,96.86,1.81,49880.4
0.24,0.39,0.43,0.21,96.93,1.81,49895.0
0.22,0.36,0.42,0.19,97.01,1.81,49907.0
0.2,0.34,0.4,0.17,97.08,1.81,49917.0
0.18,0.33,0.39,0.15,97.15,1.81,49927.2
0.16,0.3,0.37,0.14,97.22,1.81,49932.4
0.15,0.29,0.35,0.12,97.28,1.81,49940.4
0.13,0.28,0.34,0.11,97.33,1.81,49946.4
0.12,0.26,0.32,0.09,97.4,1.81,49953.2
0.11,0.24,0.3,0.08,97.46,1.82,49960.4
0.1,0.22,0.29,0.07,97.51,1.82,49965.2
0.09,0.21,0.28,0.06,97.55,1.82,49971.4
0.09,0.19,0.26,0.05,97.6,1.82,49975.6
0.08,0.18,0.24,0.04,97.65,1.82,49979.0
0.07,0.16,0.22,0.03,97.69,1.82,49983.4
0.07,0.15,0.21,0.03,97.73,1.82,49986.8
0.06,0.13,0.19,0.02,97.77,1.82,49989.8
0.05,0.12,0.18,0.01,97.81,1.82,49992.6
0.05,0.11,0.17,0.01,97.85,1.82,49995.2
0.04,0.09,0.15,0.01,97.88,1.82,49996.8
0.04,0.09,0.14,0.0,97.91,1.82,49998.2
0.03,0.08,0.13,0.0,97.94,1.82,49999.6
0.03,0.07,0.12,0.0,97.95,1.82,50000.0
0.02,0.07,0.11,0.0,97.98,1.82,50000.0
0.01,0.06,0.1,0.0,98.0,1.82,50000.0
0.01,0.06,0.09,0.0,98.02,1.82,50000.0
0.01,0.05,0.08,0.0,98.04,1.82,50000.0
0.0,0.05,0.07,0.0,98.05,1.82,50000.0
0.0,0.04,0.07,0.0,98.07,1.83,50000.0
0.0,0.04,0.06,0.0,98.08,1.83,50000.0
0.0,0.03,0.05,0.0,98.09,1.83,50000.0
0.0,0.03,0.05,0.0,98.1,1.83,50000.0
0.0,0.02,0.04,0.0,98.11,1.83,50000.0
0.0,0.02,0.04,0.0,98.12,1.83,50000.0
0.0,0.01,0.03,0.0,98.13,1.83,50000.0
0.0,0.01,0.03,0.0,98.13,1.83,50000.0
0.0,0.0,0.03,0.0,98.14,1.83,50000.0
0.0,0.0,0.02,0.0,98.15,1.83,50000.0
0.0,0.0,0.02,0.0,98.15,1.83,50000.0
0.0,0.0,0.01,0.0,98.16,1.83,50000.0
0.0,0.0,0.01,0.0,98.16,1.83,50000.0
0.0,0.0,0.01,0.0,98.16,1.83,50000.0
0.0,0.0,0.01,0.0,98.17,1.83,50000.0
0.0,0.0,0.01,0.0,98.17,1.83,50000.0
0.0,0.0,0.0,0.0,98.17,1.83,50000.0
0.0,0.0,0.0,0.0,98.17,1.83,50000.0
0.0,0.0,0.0,0.0,98.17,1.83,50000.0
0.0,0.0,0.0,0.0,98.17,1.83,50000.0
0.0,0.0,0.0,0.0,98.17,1.83,50000.0
0.0,0.0,0.0,0.0,98.17,1.83,50000.0
0.0,0.0,0.0,0.0,98.17,1.83,50000.0
0.0,0.0,0.0,0.0,98.17,1.83,50000.0
0.0,0.0,0.0,0.0,98.17,1.83,50000.0
0.0,0.0,0.0,0.0,98.17,1.83,50000.0
0.0,0.0,0.0,0.0,98.17,1.83,50000.0
0.0,0.0,0.0,0.0,98.17,1.83,50000.0
0.0,0.0,0.0,0.0,98.17,1.83,50000.0
0.0,0.0,0.0,0.0,98.17,1.83,50000.0
0.0,0.0,0.0,0.0,98.17,1.83,50000.0
0.0,0.0,0.0,0.0,98.17,1.83,50000.0
0.0,0.0,0.0,0.0,98.17,1.83,50000.0
0.0,0.0,0.0,0.0,98.17,1.83,50000.0
0.0,0.0,0.0,0.0,98.17,1.83,50000.0
0.0,0.0,0.0,0.0,98.17,1.83,50000.0
0.0,0.0,0.0,0.0,98.17,1.83,50000.0
0.0,0.0,0.0,0.0,98.17,1.83,50000.0
0.0,0.0,0.0,0.0,98.17,1.83,50000.0
0.0,0.0,0.0,0.0,98.17,1.83,50000.0
0.0,0.0,0.0,0.0,98.17,1.83,50000.0
0.0,0.0,0.0,0.0,98.17,1.83,50000.0
0.0,0.0,0.0,0.0,98.17,1.83,50000.0
0.0,0.0,0.0,0.0,98.17,1.83,50000.0
0.0,0.0,0.0,0.0,98.17,1.83,50000.0
0.0,0.0,0.0,0.0,98.17,1.83,50000.0
0.0,0.0,0.0,0.0,98.17,1.83,50000.0
0.0,0.0,0.0,0.0,98.17,1.83,50000.0
0.0,0.0,0.0,0.0,98.17,1.83,50000.0
0.0,0.0,0.0,0.0,98.17,1.83,50000.0
0.0,0.0,0.0,0.0,98.17,1.83,50000.0
0.0,0.0,0.0,0.0,98.17,1.83,50000.0
0.0,0.0,0.0,0.0,98.17,1.83,50000.0
0.0,0.0,0.0,0.0,98.17,1.83,50000.0
0.0,0.0,0.0,0.0,98.17,1.83,50000.0
0.0,0.0,0.0,0.0,98.17,1.83,50000.0
0.0,0.0,0.0,0.0,98.17,1.83,50000.0