incubando,i_mild,i_grave,susceptibles,recuperados,muertos,infectados_totales
1.03,0.0,0.0,98.97,0.0,0.0,515.0
2.38,0.0,0.0,97.62,0.0,0.0,1188.0
3.71,0.0,0.0,96.29,0.0,0.0,1857.33
5.04,0.0,0.0,94.96,0.0,0.0,2518.0
6.33,0.0,0.0,93.67,0.0,0.0,3166.0
7.61,0.0,0.0,92.39,0.0,0.0,3804.0
8.83,0.0,0.0,91.17,0.0,0.0,4412.67
9.02,0.73,0.3,89.95,0.0,0.0,5023.67
8.9,1.68,0.69,88.72,0.0,0.0,5639.0
8.79,2.64,1.07,87.5,0.0,0.0,6250.67
8.69,3.59,1.44,86.27,0.0,0.01,6863.0
8.56,4.49,1.84,85.1,0.0,0.01,7447.67
8.46,5.42,2.17,83.93,0.0,0.01,8035.67
8.36,6.29,2.52,82.81,0.0,0.02,8594.0
8.24,7.17,2.85,81.71,0.0,0.02,9144.67
8.08,8.05,3.2,80.64,0.0,0.03,9680.0
7.97,8.93,3.53,79.53,0.0,0.04,10236.0
7.8,9.08,3.87,78.47,0.73,0.05,10764.67
7.75,8.94,4.22,77.36,1.68,0.06,11321.67
7.58,8.81,4.56,76.35,2.64,0.07,11826.0
7.52,8.66,4.85,75.29,3.59,0.08,12356.0
7.47,8.55,5.16,74.24,4.49,0.1,12882.0
7.43,8.37,5.45,73.21,5.42,0.12,13392.67
7.33,8.27,5.77,72.19,6.29,0.14,13903.33
7.26,8.15,6.06,71.21,7.17,0.15,14392.67
7.08,8.05,6.38,70.28,8.05,0.17,14862.33
7.05,7.88,6.66,69.29,8.93,0.19,15353.0
6.93,7.73,6.97,68.36,9.8,0.21,15820.67
6.8,7.65,6.97,67.43,10.91,0.23,16282.67
6.67,7.56,6.87,66.55,12.11,0.25,16725.67
6.53,7.48,6.78,65.66,13.27,0.28,17168.0
6.44,7.4,6.69,64.78,14.4,0.3,17610.67
6.35,7.3,6.58,63.93,15.54,0.32,18036.33
6.21,7.22,6.52,63.08,16.63,0.34,18459.33
6.13,7.15,6.42,62.23,17.71,0.36,18884.33
6.06,7.04,6.34,61.38,18.81,0.38,19310.67
6.01,6.95,6.24,60.54,19.86,0.4,19730.67
5.98,6.85,6.17,59.68,20.9,0.42,20158.67
5.96,6.73,6.09,58.82,21.96,0.44,20591.67
5.95,6.59,6.0,57.98,23.02,0.46,21009.0
5.89,6.48,5.89,57.19,24.07,0.47,21405.0
5.84,6.37,5.83,56.4,25.07,0.49,21802.33
5.75,6.31,5.78,55.63,26.03,0.5,22183.67
5.67,6.22,5.7,54.86,27.03,0.52,22568.0
5.56,6.12,5.63,54.13,28.03,0.53,22937.0
5.42,6.06,5.61,53.39,28.96,0.55,23303.67
5.32,6.01,5.52,52.66,29.92,0.57,23669.33
5.18,5.94,5.47,52.01,30.82,0.59,23996.0
5.08,5.88,5.37,51.31,31.75,0.61,24344.0
5.02,5.82,5.28,50.62,32.64,0.63,24692.33
4.92,5.74,5.24,49.95,33.51,0.64,25026.67
4.9,5.69,5.15,49.23,34.38,0.65,25386.33
4.82,5.6,5.11,48.57,35.24,0.66,25712.67
4.77,5.5,5.06,47.9,36.1,0.67,26052.33
4.74,5.37,4.97,47.26,36.96,0.69,26368.33
4.67,5.27,4.93,46.64,37.79,0.71,26680.33
4.57,5.19,4.86,46.04,38.62,0.72,26977.67
4.52,5.11,4.8,45.43,39.41,0.73,27285.67
4.43,5.06,4.75,44.8,40.22,0.74,27600.0
4.35,4.99,4.68,44.22,41.01,0.76,27889.33
4.26,4.92,4.64,43.63,41.78,0.77,28184.67
4.21,4.82,4.59,43.05,42.55,0.78,28475.67
4.19,4.75,4.52,42.45,43.31,0.79,28777.0
4.17,4.65,4.44,41.88,44.06,0.8,29060.33
4.11,4.63,4.39,41.32,44.74,0.82,29338.67
4.02,4.58,4.3,40.78,45.49,0.83,29609.33
4.0,4.48,4.21,40.22,46.25,0.85,29891.67
3.97,4.41,4.15,39.66,46.95,0.85,30169.33
3.94,4.31,4.09,39.11,47.69,0.86,30444.67
3.84,4.26,4.05,38.6,48.37,0.88,30697.67
3.78,4.2,3.98,38.1,49.06,0.89,30951.33
3.73,4.15,3.91,37.59,49.72,0.9,31202.67
3.71,4.11,3.86,37.07,50.34,0.91,31463.0
3.66,4.1,3.81,36.55,50.96,0.92,31723.0
3.61,4.06,3.75,36.05,51.61,0.93,31975.33
3.57,4.0,3.71,35.54,52.24,0.94,32229.67
3.55,3.96,3.65,35.05,52.83,0.95,32473.67
3.53,3.92,3.61,34.57,53.42,0.96,32716.0
3.51,3.86,3.57,34.08,54.02,0.96,32958.0
3.46,3.83,3.5,33.61,54.62,0.97,33193.0
3.42,3.8,3.46,33.13,55.2,0.98,33434.0
3.38,3.76,3.4,32.67,55.8,0.99,33666.67
3.29,3.72,3.36,32.25,56.38,1.0,33875.33
3.27,3.66,3.32,31.78,56.95,1.01,34110.67
3.24,3.62,3.26,31.33,57.52,1.03,34335.33
3.17,3.58,3.21,30.91,58.09,1.03,34545.0
3.13,3.56,3.15,30.48,58.63,1.05,34759.33
3.03,3.54,3.12,30.1,59.15,1.06,34949.67
2.97,3.53,3.07,29.7,59.67,1.06,35152.0
3.02,3.43,3.03,29.23,60.21,1.07,35385.0
2.96,3.4,2.98,28.82,60.76,1.07,35589.0
2.91,3.36,2.95,28.42,61.27,1.08,35792.0
2.91,3.31,2.91,28.0,61.78,1.09,35998.0
2.87,3.27,2.88,27.61,62.26,1.1,36195.33
2.88,3.19,2.82,27.22,62.77,1.12,36390.67
2.85,3.12,2.78,26.85,63.28,1.13,36577.33
2.74,3.12,2.74,26.49,63.77,1.14,36756.67
2.7,3.08,2.71,26.12,64.25,1.14,36941.33
2.65,3.03,2.68,25.77,64.73,1.15,37116.33
2.6,3.04,2.65,25.41,65.15,1.16,37297.33
2.56,2.97,2.63,25.04,65.62,1.17,37477.67
2.53,2.94,2.59,24.69,66.08,1.17,37654.0
2.49,2.9,2.56,24.35,66.52,1.18,37824.33
2.47,2.84,2.52,24.01,66.97,1.18,37993.0
2.44,2.84,2.47,23.68,67.37,1.19,38160.33
2.44,2.81,2.45,23.33,67.78,1.2,38335.67
2.41,2.72,2.42,23.0,68.25,1.21,38500.0
2.38,2.66,2.41,22.66,68.67,1.21,38669.0
2.35,2.64,2.36,22.34,69.09,1.22,38831.33
2.35,2.59,2.32,22.01,69.5,1.23,38997.0
2.32,2.55,2.29,21.69,69.9,1.24,39152.67
2.27,2.5,2.27,21.41,70.31,1.24,39294.33
2.24,2.48,2.25,21.09,70.69,1.25,39455.33
2.2,2.46,2.24,20.8,71.05,1.26,39601.0
2.18,2.41,2.22,20.48,71.44,1.27,39757.67
2.16,2.39,2.21,20.18,71.79,1.28,39910.0
2.14,2.37,2.17,19.86,72.16,1.29,40069.33
2.1,2.34,2.15,19.59,72.52,1.29,40204.33
2.12,2.28,2.12,19.3,72.89,1.3,40352.33
2.08,2.27,2.1,19.01,73.24,1.3,40495.0
2.06,2.23,2.07,18.74,73.59,1.3,40629.0
2.01,2.22,2.05,18.47,73.93,1.31,40764.0
1.99,2.21,2.03,18.19,74.27,1.32,40904.67
1.95,2.21,2.01,17.91,74.6,1.32,41043.33
1.95,2.17,1.98,17.64,74.93,1.33,41180.33
1.89,2.17,1.97,17.41,75.24,1.33,41295.33
1.87,2.13,1.94,17.14,75.58,1.34,41431.33
1.87,2.1,1.92,16.88,75.9,1.34,41562.0
1.85,2.1,1.87,16.62,76.21,1.35,41691.0
1.84,2.07,1.86,16.35,76.52,1.35,41826.33
1.84,2.07,1.84,16.08,76.82,1.36,41961.67
1.79,2.04,1.83,15.85,77.13,1.36,42077.0
1.81,1.98,1.8,15.6,77.45,1.36,42201.67
1.79,1.95,1.76,15.35,77.78,1.37,42325.0
1.76,1.94,1.73,15.12,78.08,1.37,42441.33
1.76,1.91,1.7,14.86,78.39,1.38,42572.33
1.73,1.89,1.69,14.62,78.69,1.39,42689.0
1.71,1.9,1.67,14.37,78.96,1.39,42815.67
1.72,1.86,1.64,14.13,79.25,1.4,42936.67
1.7,1.85,1.63,13.9,79.53,1.4,43051.33
1.67,1.82,1.61,13.68,79.82,1.41,43162.33
1.67,1.78,1.59,13.45,80.1,1.41,43277.0
1.63,1.82,1.56,13.23,80.35,1.42,43386.0
1.6,1.78,1.55,13.02,80.63,1.42,43491.33
1.57,1.78,1.54,12.8,80.9,1.42,43601.67
1.54,1.77,1.53,12.59,81.14,1.43,43706.67
1.52,1.74,1.52,12.38,81.41,1.43,43809.67
1.5,1.7,1.5,12.17,81.68,1.43,43912.67
1.46,1.71,1.49,11.98,81.92,1.44,44008.0
1.46,1.67,1.48,11.77,82.18,1.45,44115.0
1.45,1.66,1.45,11.57,82.42,1.45,44214.67
1.42,1.66,1.44,11.38,82.66,1.45,44310.0
1.4,1.61,1.42,11.19,82.93,1.46,44406.0
1.38,1.59,1.42,11.0,83.15,1.46,44498.0
1.34,1.56,1.4,10.83,83.4,1.46,44583.33
1.33,1.53,1.37,10.65,83.65,1.47,44674.33
1.31,1.53,1.34,10.46,83.88,1.47,44770.67
1.29,1.52,1.31,10.28,84.12,1.48,44861.67
1.27,1.49,1.3,10.11,84.35,1.48,44945.0
1.25,1.48,1.29,9.94,84.56,1.49,45029.67
1.23,1.45,1.28,9.78,84.78,1.49,45112.33
1.21,1.4,1.26,9.62,85.01,1.49,45190.67
1.2,1.38,1.25,9.45,85.23,1.5,45272.67
1.16,1.37,1.24,9.3,85.43,1.5,45352.33
1.12,1.34,1.23,9.15,85.65,1.5,45422.67
1.12,1.31,1.21,8.99,85.87,1.5,45506.67
1.12,1.27,1.2,8.82,86.09,1.5,45589.33
1.1,1.25,1.17,8.67,86.3,1.51,45663.33
1.1,1.24,1.14,8.52,86.49,1.51,45739.67
1.08,1.22,1.12,8.37,86.7,1.51,45814.0
1.07,1.2,1.11,8.23,86.89,1.52,45885.0
1.08,1.18,1.1,8.07,87.05,1.52,45962.67
1.05,1.17,1.08,7.94,87.23,1.52,46032.0
1.01,1.15,1.07,7.81,87.43,1.52,46095.67
1.0,1.13,1.06,7.68,87.61,1.53,46161.33
0.98,1.12,1.05,7.54,87.78,1.53,46231.67
0.97,1.12,1.04,7.4,87.93,1.54,46299.0
0.95,1.1,1.02,7.28,88.11,1.54,46362.0
0.93,1.09,1.01,7.14,88.29,1.54,46427.67
0.9,1.07,0.98,7.03,88.46,1.55,46482.67
0.9,1.05,0.97,6.91,88.62,1.55,46543.33
0.88,1.06,0.94,6.8,88.77,1.55,46601.67
0.85,1.03,0.94,6.68,88.94,1.55,46658.67
0.82,1.02,0.91,6.58,89.11,1.56,46710.33
0.81,1.01,0.89,6.46,89.26,1.56,46767.67
0.8,1.0,0.87,6.34,89.43,1.56,46828.67
0.8,0.96,0.85,6.23,89.59,1.56,46884.33
0.8,0.95,0.83,6.12,89.75,1.57,46941.0
0.78,0.92,0.82,6.01,89.89,1.57,46992.67
0.78,0.9,0.82,5.9,90.02,1.57,47048.67
0.77,0.89,0.81,5.81,90.15,1.57,47097.33
0.77,0.86,0.79,5.69,90.31,1.57,47152.67
0.76,0.86,0.78,5.58,90.44,1.58,47208.67
0.75,0.83,0.77,5.49,90.59,1.58,47257.33
0.73,0.82,0.75,5.39,90.72,1.58,47303.67
0.72,0.79,0.74,5.3,90.87,1.59,47351.33
0.68,0.79,0.73,5.22,90.99,1.59,47390.67
0.69,0.78,0.71,5.12,91.11,1.59,47442.0
0.67,0.78,0.7,5.02,91.23,1.59,47488.67
0.65,0.79,0.68,4.93,91.36,1.59,47533.33
0.64,0.79,0.67,4.85,91.47,1.6,47575.33
0.62,0.77,0.66,4.77,91.58,1.6,47616.0
0.61,0.75,0.66,4.69,91.7,1.6,47655.67
0.61,0.73,0.63,4.61,91.82,1.6,47694.67
0.59,0.72,0.63,4.53,91.94,1.6,47736.33
0.58,0.72,0.61,4.44,92.04,1.61,47779.67
0.56,0.71,0.61,4.37,92.14,1.61,47814.67
0.54,0.7,0.59,4.31,92.25,1.61,47846.67
0.56,0.68,0.58,4.21,92.36,1.61,47893.67
0.55,0.65,0.57,4.14,92.48,1.61,47930.0
0.54,0.63,0.57,4.07,92.58,1.61,47963.67
0.52,0.62,0.56,4.0,92.67,1.61,47998.67
0.51,0.63,0.55,3.93,92.77,1.62,48035.0
0.52,0.62,0.53,3.85,92.86,1.62,48075.33
0.52,0.59,0.51,3.79,92.97,1.62,48106.67
0.5,0.59,0.5,3.72,93.07,1.62,48142.0
0.48,0.58,0.49,3.66,93.17,1.62,48172.0
0.48,0.56,0.47,3.59,93.26,1.62,48204.67
0.47,0.55,0.48,3.53,93.34,1.63,48235.67
0.47,0.54,0.47,3.46,93.43,1.63,48269.67
0.45,0.55,0.47,3.4,93.5,1.63,48300.0
0.45,0.54,0.46,3.34,93.58,1.63,48329.67
0.43,0.52,0.45,3.29,93.68,1.63,48357.33
0.44,0.51,0.44,3.22,93.76,1.63,48391.33
0.44,0.51,0.45,3.15,93.82,1.63,48423.0
0.44,0.48,0.43,3.09,93.92,1.64,48454.0
0.43,0.48,0.43,3.03,94.0,1.64,48483.0
0.43,0.47,0.42,2.97,94.07,1.64,48512.67
0.42,0.46,0.42,2.92,94.14,1.64,48542.0
0.44,0.45,0.42,2.85,94.21,1.64,48576.0
0.43,0.44,0.42,2.79,94.28,1.64,48605.0
0.41,0.44,0.41,2.74,94.35,1.64,48630.33
0.41,0.44,0.4,2.69,94.43,1.64,48657.0
0.4,0.43,0.4,2.63,94.49,1.64,48685.0
0.39,0.43,0.4,2.58,94.54,1.64,48709.0
0.38,0.42,0.41,2.53,94.61,1.64,48733.67
0.37,0.42,0.41,2.48,94.68,1.65,48761.67
0.37,0.43,0.4,2.42,94.74,1.65,48788.67
0.37,0.42,0.39,2.37,94.8,1.65,48814.0
0.36,0.42,0.38,2.33,94.86,1.65,48836.67
0.35,0.41,0.38,2.28,94.93,1.65,48860.33
0.35,0.39,0.37,2.23,95.0,1.65,48885.67
0.36,0.39,0.37,2.18,95.06,1.65,48911.67
0.35,0.39,0.36,2.13,95.12,1.65,48936.33
0.35,0.39,0.36,2.08,95.17,1.65,48961.67
0.35,0.39,0.35,2.02,95.23,1.66,48989.33
0.35,0.38,0.34,1.98,95.29,1.66,49009.33
0.34,0.37,0.33,1.94,95.36,1.66,49031.67
0.33,0.37,0.33,1.9,95.41,1.66,49051.0
0.32,0.37,0.33,1.86,95.47,1.66,49071.33
0.32,0.36,0.33,1.81,95.52,1.66,49094.0
0.3,0.37,0.32,1.77,95.57,1.66,49112.67
0.3,0.37,0.32,1.72,95.62,1.66,49138.0
0.3,0.36,0.31,1.68,95.69,1.66,49158.0
0.28,0.35,0.3,1.65,95.74,1.66,49174.0
0.28,0.34,0.3,1.62,95.8,1.66,49192.33
0.28,0.34,0.28,1.58,95.86,1.66,49209.0
0.27,0.34,0.27,1.54,95.91,1.67,49230.0
0.27,0.33,0.27,1.51,95.96,1.67,49247.0
0.25,0.33,0.27,1.47,96.01,1.67,49263.0
0.24,0.33,0.27,1.44,96.05,1.67,49279.67
0.24,0.31,0.25,1.41,96.11,1.67,49294.0
0.23,0.3,0.25,1.38,96.16,1.67,49307.67
0.24,0.29,0.25,1.34,96.21,1.67,49327.67
0.22,0.29,0.25,1.32,96.25,1.67,49341.67
0.22,0.29,0.24,1.29,96.29,1.67,49356.0
0.21,0.27,0.24,1.26,96.34,1.67,49370.33
0.21,0.26,0.25,1.23,96.38,1.67,49386.33
0.23,0.25,0.25,1.18,96.42,1.67,49407.67
0.22,0.23,0.24,1.16,96.47,1.67,49419.67
0.21,0.23,0.24,1.14,96.51,1.67,49431.67
0.2,0.23,0.22,1.11,96.55,1.68,49444.0
0.21,0.23,0.22,1.08,96.59,1.68,49461.0
0.22,0.22,0.21,1.04,96.63,1.68,49479.67
0.22,0.22,0.21,1.01,96.67,1.68,49496.33
0.2,0.22,0.21,0.99,96.7,1.68,49506.67
0.2,0.22,0.2,0.96,96.73,1.68,49519.67
0.2,0.22,0.2,0.94,96.76,1.68,49531.67
0.19,0.22,0.2,0.92,96.78,1.68,49541.0
0.19,0.22,0.2,0.89,96.82,1.68,49555.0
0.17,0.22,0.19,0.87,96.86,1.68,49566.0
0.16,0.22,0.2,0.84,96.89,1.68,49578.0
0.16,0.21,0.19,0.83,96.92,1.68,49587.33
0.16,0.22,0.19,0.8,96.95,1.68,49598.67
0.16,0.21,0.19,0.78,96.98,1.68,49611.33
0.16,0.19,0.18,0.76,97.03,1.68,49619.33
0.15,0.19,0.18,0.74,97.06,1.68,49627.67
0.14,0.19,0.17,0.72,97.08,1.69,49638.0
0.14,0.19,0.16,0.71,97.11,1.69,49647.0
0.14,0.18,0.16,0.68,97.15,1.69,49658.33
0.14,0.16,0.16,0.67,97.18,1.69,49666.33
0.13,0.16,0.16,0.65,97.21,1.69,49675.0
0.13,0.16,0.16,0.63,97.24,1.69,49686.67
0.13,0.15,0.15,0.61,97.26,1.69,49694.67
0.13,0.15,0.15,0.59,97.29,1.69,49704.33
0.14,0.15,0.15,0.57,97.3,1.69,49715.67
0.13,0.15,0.14,0.56,97.33,1.69,49722.33
0.13,0.14,0.14,0.54,97.36,1.7,49729.67
0.12,0.13,0.14,0.53,97.38,1.7,49735.67
0.11,0.14,0.14,0.51,97.4,1.7,49744.0