incubando,i_mild,i_grave,susceptibles,recuperados,muertos,infectados_totales
0.01,0.0,0.0,99.99,0.0,0.0,6.0
0.03,0.0,0.0,99.97,0.0,0.0,13.33
0.04,0.0,0.0,99.96,0.0,0.0,22.33
0.06,0.0,0.0,99.94,0.0,0.0,29.33
0.09,0.0,0.0,99.91,0.0,0.0,43.0
0.1,0.0,0.0,99.9,0.0,0.0,51.67
0.12,0.0,0.0,99.88,0.0,0.0,62.33
0.13,0.01,0.0,99.86,0.0,0.0,72.33
0.14,0.02,0.01,99.83,0.0,0.0,83.33
0.14,0.03,0.01,99.82,0.0,0.0,90.33
0.14,0.04,0.02,99.8,0.0,0.0,97.67
0.14,0.06,0.02,99.78,0.0,0.0,112.33
0.14,0.07,0.03,99.75,0.0,0.0,124.0
0.15,0.09,0.03,99.73,0.0,0.0,137.33
0.16,0.11,0.04,99.7,0.0,0.0,150.0
0.15,0.12,0.05,99.68,0.0,0.0,157.67
0.17,0.13,0.05,99.65,0.0,0.0,174.0
0.19,0.13,0.06,99.62,0.01,0.0,191.0
0.19,0.14,0.07,99.58,0.02,0.0,209.33
0.2,0.14,0.07,99.55,0.03,0.0,224.67
0.2,0.15,0.08,99.52,0.04,0.0,239.67
0.21,0.14,0.09,99.49,0.06,0.0,255.67
0.23,0.14,0.1,99.45,0.07,0.0,274.67
0.23,0.15,0.11,99.42,0.09,0.0,289.67
0.23,0.16,0.11,99.38,0.11,0.0,308.33
0.24,0.17,0.13,99.35,0.12,0.0,327.0
0.25,0.18,0.13,99.3,0.13,0.0,347.67
0.25,0.2,0.14,99.27,0.14,0.0,366.67
0.27,0.2,0.14,99.22,0.16,0.0,390.67
0.27,0.21,0.16,99.18,0.18,0.0,410.33
0.28,0.21,0.16,99.14,0.2,0.0,428.0
0.29,0.23,0.17,99.1,0.22,0.0,451.67
0.29,0.24,0.17,99.06,0.24,0.0,470.0
0.29,0.25,0.18,99.02,0.27,0.01,491.0
0.29,0.25,0.18,98.98,0.3,0.01,512.33
0.28,0.26,0.18,98.93,0.33,0.01,532.67
0.29,0.27,0.19,98.89,0.36,0.01,557.0
0.31,0.27,0.19,98.84,0.38,0.01,581.0
0.31,0.28,0.2,98.79,0.41,0.01,607.0
0.32,0.29,0.2,98.74,0.45,0.01,629.67
0.32,0.3,0.2,98.7,0.47,0.01,652.33
0.33,0.3,0.21,98.64,0.51,0.01,678.33
0.35,0.3,0.21,98.59,0.54,0.01,706.33
0.35,0.31,0.21,98.54,0.58,0.01,731.0
0.35,0.32,0.22,98.48,0.62,0.01,758.33
0.36,0.31,0.23,98.43,0.66,0.02,786.67
0.37,0.31,0.23,98.37,0.7,0.02,815.0
0.38,0.32,0.23,98.32,0.74,0.02,842.33
0.37,0.32,0.24,98.27,0.78,0.02,864.67
0.37,0.33,0.25,98.22,0.81,0.02,890.67
0.37,0.34,0.25,98.16,0.86,0.02,918.33
0.39,0.35,0.25,98.1,0.9,0.02,951.0
0.38,0.36,0.26,98.05,0.94,0.02,977.0
0.38,0.36,0.26,97.99,0.98,0.02,1002.67
0.38,0.36,0.27,97.93,1.03,0.02,1033.33
0.4,0.36,0.28,97.87,1.07,0.02,1066.0
0.41,0.37,0.28,97.81,1.11,0.02,1094.67
0.41,0.38,0.29,97.75,1.15,0.02,1124.33
0.41,0.39,0.29,97.69,1.2,0.02,1153.67
0.42,0.39,0.3,97.63,1.24,0.03,1187.33
0.43,0.39,0.3,97.57,1.29,0.03,1216.0
0.43,0.39,0.31,97.5,1.34,0.03,1248.67
0.43,0.4,0.31,97.43,1.39,0.03,1282.67
0.44,0.4,0.32,97.37,1.44,0.03,1315.67
0.44,0.4,0.32,97.31,1.49,0.03,1345.33
0.44,0.42,0.33,97.25,1.53,0.03,1374.33
0.44,0.42,0.33,97.19,1.59,0.03,1407.0
0.45,0.43,0.33,97.12,1.64,0.03,1440.67
0.46,0.42,0.34,97.04,1.7,0.04,1478.33
0.46,0.43,0.34,96.97,1.75,0.04,1514.33
0.47,0.44,0.34,96.9,1.81,0.04,1550.67
0.49,0.44,0.35,96.82,1.86,0.04,1589.67
0.51,0.43,0.36,96.75,1.92,0.04,1627.0
0.51,0.43,0.36,96.67,1.98,0.04,1664.33
0.53,0.44,0.36,96.59,2.04,0.04,1703.67
0.53,0.45,0.37,96.52,2.1,0.04,1741.33
0.54,0.46,0.37,96.43,2.16,0.04,1783.67
0.55,0.46,0.38,96.35,2.22,0.05,1825.0
0.55,0.48,0.38,96.27,2.27,0.05,1866.33
0.56,0.48,0.39,96.18,2.33,0.05,1909.33
0.57,0.49,0.4,96.1,2.4,0.05,1948.67
0.58,0.5,0.41,96.01,2.45,0.05,1994.0
0.59,0.52,0.41,95.93,2.51,0.05,2036.33
0.59,0.54,0.41,95.84,2.57,0.05,2077.67
0.59,0.55,0.42,95.76,2.63,0.05,2121.0
0.59,0.55,0.43,95.67,2.7,0.05,2163.67
0.6,0.55,0.44,95.58,2.77,0.06,2211.0
0.62,0.56,0.44,95.48,2.84,0.06,2258.0
0.62,0.57,0.45,95.39,2.91,0.06,2303.0
0.63,0.58,0.45,95.3,2.98,0.06,2349.0
0.63,0.58,0.46,95.21,3.05,0.06,2393.0
0.65,0.59,0.46,95.11,3.12,0.06,2443.67
0.67,0.6,0.46,95.0,3.2,0.06,2498.33
0.68,0.6,0.48,94.9,3.28,0.06,2552.0
0.68,0.6,0.49,94.8,3.36,0.07,2599.0
0.68,0.62,0.49,94.71,3.43,0.07,2644.0
0.7,0.62,0.5,94.6,3.51,0.07,2699.0
0.72,0.62,0.51,94.49,3.58,0.07,2754.67
0.73,0.62,0.52,94.38,3.67,0.07,2809.0
0.72,0.64,0.53,94.28,3.75,0.07,2860.0
0.72,0.66,0.54,94.18,3.83,0.07,2909.67
0.74,0.66,0.55,94.06,3.91,0.07,2967.67
0.75,0.67,0.55,93.96,4.0,0.07,3020.67
0.75,0.69,0.56,93.85,4.08,0.08,3074.33
0.75,0.7,0.57,93.74,4.16,0.08,3129.67
0.76,0.71,0.58,93.62,4.26,0.08,3189.0
0.76,0.72,0.58,93.52,4.34,0.08,3241.33
0.78,0.73,0.58,93.4,4.43,0.08,3299.0
0.77,0.75,0.59,93.29,4.51,0.08,3353.33
0.78,0.74,0.59,93.17,4.62,0.09,3412.67
0.79,0.74,0.6,93.06,4.72,0.09,3468.0
0.79,0.76,0.61,92.95,4.81,0.09,3527.0
0.81,0.77,0.62,92.82,4.9,0.09,3592.33
0.82,0.77,0.63,92.69,5.0,0.09,3652.67
0.83,0.76,0.63,92.57,5.11,0.09,3713.67
0.84,0.77,0.63,92.46,5.21,0.09,3771.67
0.85,0.78,0.65,92.32,5.3,0.1,3839.67
0.87,0.78,0.65,92.2,5.4,0.1,3902.33
0.88,0.78,0.65,92.07,5.51,0.1,3965.33
0.87,0.8,0.65,91.94,5.62,0.11,4029.33
0.87,0.81,0.66,91.82,5.73,0.11,4088.33
0.88,0.83,0.66,91.69,5.83,0.11,4155.67
0.9,0.83,0.66,91.55,5.94,0.12,4224.0
0.9,0.85,0.67,91.42,6.04,0.12,4288.0
0.91,0.86,0.68,91.28,6.15,0.12,4358.33
0.92,0.88,0.67,91.15,6.25,0.12,4425.67
0.92,0.89,0.68,91.02,6.37,0.12,4491.67
0.95,0.89,0.69,90.88,6.47,0.12,4561.33
0.96,0.91,0.7,90.73,6.58,0.12,4633.67
0.96,0.91,0.7,90.59,6.71,0.12,4703.0
0.96,0.92,0.71,90.47,6.82,0.13,4765.67
0.97,0.93,0.72,90.32,6.94,0.13,4841.0
0.97,0.94,0.73,90.18,7.06,0.13,4910.0
0.97,0.94,0.72,90.04,7.19,0.13,4978.67
0.98,0.95,0.74,89.9,7.31,0.13,5051.67
0.97,0.95,0.74,89.76,7.44,0.13,5120.33
0.99,0.96,0.75,89.61,7.56,0.13,5197.0
1.01,0.97,0.75,89.46,7.67,0.14,5272.0
1.0,0.98,0.76,89.32,7.8,0.14,5339.67
1.0,0.98,0.76,89.18,7.94,0.14,5411.67
1.01,0.98,0.77,89.03,8.07,0.14,5484.67
1.01,0.98,0.78,88.89,8.2,0.14,5555.33
1.02,0.98,0.79,88.74,8.32,0.15,5628.0
1.02,0.99,0.81,88.59,8.45,0.15,5705.33
1.03,1.0,0.82,88.43,8.58,0.15,5786.0
1.04,0.99,0.82,88.29,8.72,0.16,5857.33
1.04,0.99,0.83,88.13,8.84,0.16,5932.67
1.06,1.0,0.84,87.97,8.97,0.16,6013.33
1.07,0.99,0.84,87.82,9.11,0.16,6088.67
1.07,1.0,0.85,87.68,9.25,0.16,6162.0
1.08,1.01,0.85,87.51,9.38,0.17,6246.33
1.07,1.03,0.86,87.35,9.51,0.17,6323.0
1.08,1.04,0.85,87.2,9.65,0.17,6399.33
1.08,1.04,0.86,87.06,9.79,0.18,6470.33
1.07,1.05,0.87,86.91,9.93,0.18,6546.0
1.07,1.07,0.86,86.75,10.06,0.18,6624.67
1.07,1.08,0.86,86.6,10.2,0.19,6698.67
1.07,1.09,0.87,86.44,10.34,0.19,6779.0
1.06,1.1,0.88,86.3,10.47,0.2,6852.33
1.05,1.1,0.88,86.15,10.62,0.2,6925.33
1.06,1.09,0.89,86.0,10.76,0.21,7000.67
1.06,1.07,0.9,85.85,10.92,0.21,7074.33
1.04,1.07,0.9,85.71,11.06,0.21,7146.0
1.03,1.07,0.9,85.57,11.21,0.21,7215.33
1.02,1.08,0.89,85.42,11.37,0.22,7289.0
1.03,1.08,0.88,85.27,11.52,0.22,7365.67
1.03,1.08,0.88,85.12,11.66,0.22,7440.67
1.02,1.07,0.88,84.98,11.82,0.23,7510.33
1.02,1.08,0.87,84.83,11.97,0.23,7582.67
1.02,1.07,0.87,84.69,12.12,0.23,7653.67
1.03,1.07,0.88,84.54,12.25,0.23,7732.33
1.04,1.07,0.87,84.38,12.39,0.24,7808.33
1.04,1.07,0.88,84.23,12.54,0.24,7885.0
1.03,1.08,0.88,84.09,12.68,0.24,7955.0
1.03,1.05,0.88,83.95,12.84,0.25,8027.0
1.04,1.04,0.88,83.79,13.0,0.25,8102.67
1.03,1.03,0.88,83.66,13.14,0.25,8171.0
1.02,1.03,0.89,83.51,13.29,0.26,8244.33
1.01,1.03,0.88,83.37,13.45,0.26,8313.67
1.01,1.04,0.88,83.22,13.59,0.26,8390.67
1.02,1.03,0.88,83.07,13.73,0.26,8463.33
1.01,1.04,0.88,82.94,13.88,0.27,8532.0
1.0,1.04,0.87,82.79,14.03,0.27,8603.0
0.98,1.02,0.87,82.68,14.18,0.27,8662.33
0.96,1.03,0.86,82.55,14.32,0.27,8725.33
0.95,1.02,0.87,82.43,14.46,0.27,8787.33
0.94,1.04,0.87,82.28,14.59,0.28,8860.0
0.94,1.03,0.88,82.13,14.74,0.28,8933.0
0.94,1.01,0.88,81.99,14.89,0.28,9003.0
0.95,1.01,0.89,81.84,15.03,0.28,9078.0
0.97,1.0,0.88,81.71,15.16,0.28,9145.33
0.96,0.97,0.88,81.59,15.31,0.29,9207.0
0.98,0.95,0.88,81.44,15.46,0.29,9277.67
0.97,0.96,0.88,81.31,15.59,0.29,9343.0
0.95,0.95,0.88,81.18,15.74,0.29,9408.0
0.95,0.96,0.88,81.05,15.87,0.3,9476.67
0.94,0.96,0.88,80.9,16.03,0.3,9548.67
0.94,0.96,0.87,80.77,16.17,0.3,9615.0
0.94,0.95,0.85,80.65,16.31,0.3,9676.0
0.92,0.94,0.86,80.53,16.45,0.3,9736.67
0.91,0.95,0.86,80.4,16.58,0.3,9800.33
0.92,0.95,0.85,80.27,16.71,0.31,9865.67
0.92,0.95,0.86,80.13,16.83,0.31,9934.33
0.92,0.95,0.86,79.98,16.97,0.31,10008.33
0.92,0.94,0.86,79.85,17.11,0.31,10075.33
0.93,0.93,0.85,79.72,17.25,0.32,10139.67
0.93,0.91,0.84,79.59,17.4,0.32,10204.0
0.93,0.9,0.84,79.47,17.54,0.32,10266.0
0.94,0.91,0.82,79.32,17.67,0.33,10338.0
0.93,0.92,0.82,79.2,17.8,0.33,10399.67
0.92,0.94,0.82,79.06,17.93,0.33,10468.0
0.91,0.95,0.82,78.94,18.05,0.33,10529.33
0.91,0.95,0.82,78.81,18.18,0.33,10595.67
0.92,0.94,0.82,78.67,18.32,0.33,10664.33
0.91,0.94,0.82,78.55,18.45,0.33,10722.67
0.89,0.95,0.81,78.43,18.58,0.34,10785.0
0.91,0.95,0.81,78.29,18.7,0.34,10854.33
0.9,0.96,0.8,78.17,18.84,0.34,10915.67
0.9,0.95,0.8,78.04,18.97,0.34,10977.67
0.91,0.95,0.8,77.89,19.1,0.34,11052.67
0.92,0.94,0.79,77.75,19.26,0.35,11125.67
0.94,0.92,0.78,77.62,19.39,0.35,11192.33
0.94,0.93,0.77,77.49,19.52,0.35,11256.33
0.93,0.93,0.77,77.36,19.66,0.35,11321.0
0.94,0.93,0.76,77.23,19.79,0.35,11386.67
0.95,0.92,0.75,77.09,19.93,0.35,11454.33
0.94,0.94,0.76,76.96,20.05,0.36,11522.0
0.92,0.95,0.76,76.83,20.18,0.36,11587.33
0.92,0.96,0.76,76.7,20.31,0.36,11650.67
0.94,0.94,0.77,76.55,20.44,0.37,11724.33
0.94,0.95,0.76,76.41,20.57,0.37,11793.0
0.95,0.97,0.74,76.28,20.69,0.37,11860.0
0.96,0.97,0.75,76.13,20.82,0.37,11933.0
0.97,0.98,0.74,75.99,20.95,0.37,12004.67
0.97,0.98,0.74,75.85,21.08,0.38,12074.33
0.98,0.98,0.74,75.72,21.2,0.38,12139.0
0.95,0.97,0.75,75.6,21.35,0.38,12200.67
0.94,0.95,0.76,75.47,21.49,0.38,12264.67
0.95,0.96,0.76,75.33,21.62,0.38,12336.0
0.95,0.98,0.77,75.19,21.73,0.39,12405.67
0.93,0.98,0.77,75.06,21.87,0.39,12468.0
0.93,0.98,0.77,74.93,22.01,0.39,12537.33
0.93,0.97,0.77,74.79,22.14,0.39,12604.0
0.94,0.96,0.78,74.66,22.27,0.4,12670.33
0.94,0.96,0.77,74.53,22.4,0.4,12735.33
0.93,0.96,0.78,74.4,22.53,0.4,12801.67
0.91,0.96,0.79,74.28,22.66,0.4,12861.0
0.92,0.95,0.79,74.14,22.79,0.4,12928.67
0.92,0.95,0.79,74.0,22.92,0.41,12998.33
0.93,0.94,0.8,73.87,23.06,0.41,13067.0
0.93,0.93,0.8,73.73,23.2,0.41,13136.67
0.94,0.93,0.8,73.59,23.33,0.42,13206.67
0.95,0.93,0.81,73.45,23.45,0.42,13276.33
0.97,0.93,0.8,73.31,23.57,0.42,13345.33
0.98,0.93,0.81,73.16,23.7,0.42,13417.67
0.95,0.93,0.81,73.05,23.83,0.42,13474.67
0.95,0.93,0.82,72.92,23.97,0.43,13540.0
0.94,0.94,0.81,72.79,24.09,0.43,13606.0
0.92,0.95,0.8,72.67,24.23,0.43,13665.0
0.91,0.95,0.81,72.54,24.36,0.43,13729.33
0.89,0.96,0.81,72.42,24.49,0.43,13791.0
0.86,0.96,0.81,72.31,24.63,0.43,13846.33
0.87,0.94,0.82,72.18,24.75,0.44,13907.67
0.86,0.95,0.82,72.06,24.88,0.44,13972.33
0.85,0.95,0.82,71.94,25.0,0.44,14030.33
0.86,0.94,0.81,71.81,25.14,0.44,14093.67
0.85,0.94,0.8,71.69,25.27,0.44,14154.33
0.84,0.93,0.79,71.57,25.41,0.45,14212.67
0.85,0.91,0.78,71.45,25.55,0.45,14272.67
0.86,0.89,0.78,71.33,25.69,0.45,14335.67
0.84,0.88,0.78,71.21,25.83,0.45,14393.33
0.87,0.86,0.78,71.07,25.97,0.45,14463.33
0.89,0.87,0.79,70.93,26.07,0.46,14536.33
0.89,0.86,0.79,70.8,26.2,0.46,14601.0
0.9,0.85,0.79,70.67,26.33,0.46,14664.33
0.92,0.85,0.78,70.54,26.46,0.46,14731.33
0.92,0.85,0.77,70.4,26.58,0.46,14798.0
0.95,0.84,0.77,70.27,26.71,0.47,14867.33
0.96,0.86,0.76,70.11,26.83,0.47,14944.0
0.95,0.88,0.77,69.98,26.95,0.47,15010.67
0.95,0.89,0.76,69.84,27.08,0.48,15078.0
0.96,0.9,0.76,69.71,27.2,0.48,15145.0
0.96,0.91,0.76,69.58,27.32,0.48,15211.33
0.97,0.92,0.75,69.44,27.44,0.48,15282.33
0.98,0.94,0.75,69.29,27.56,0.48,15356.0
0.97,0.97,0.76,69.14,27.68,0.48,15430.67
0.96,0.97,0.76,69.02,27.8,0.49,15488.67
0.96,0.98,0.76,68.88,27.92,0.49,15557.67
0.96,0.98,0.77,68.75,28.05,0.49,15626.67
0.97,0.97,0.78,68.61,28.19,0.49,15697.33
0.96,0.96,0.79,68.47,28.32,0.49,15763.67
0.94,0.98,0.79,68.35,28.45,0.49,15825.67
0.92,0.99,0.79,68.22,28.58,0.5,15890.33
0.94,0.98,0.79,68.09,28.71,0.5,15956.33
0.91,0.98,0.78,67.97,28.85,0.5,16014.67
0.88,0.97,0.79,67.86,29.0,0.5,16068.0
0.86,0.97,0.8,67.75,29.12,0.5,16125.33
0.83,0.97,0.8,67.65,29.25,0.51,16177.33
0.82,0.96,0.79,67.53,29.38,0.51,16234.0
0.82,0.97,0.8,67.4,29.51,0.51,16299.0
0.8,0.97,0.78,67.29,29.64,0.52,16355.67
0.78,0.95,0.79,67.19,29.78,0.52,16407.0
0.79,0.91,0.78,67.08,29.92,0.52,16461.33
0.79,0.91,0.77,66.96,30.04,0.53,16518.67
0.79,0.88,0.77,66.85,30.18,0.53,16572.67
0.78,0.86,0.76,66.75,30.31,0.53,16624.33
0.75,0.85,0.77,66.65,30.45,0.53,16676.0
0.75,0.83,0.76,66.54,30.58,0.53,16730.0
0.75,0.82,0.76,66.44,30.71,0.54,16781.33
0.74,0.8,0.75,66.33,30.83,0.54,16833.33
0.74,0.79,0.73,66.22,30.97,0.54,16889.33
0.74,0.78,0.72,66.11,31.1,0.54,16944.67
0.75,0.78,0.71,66.0,31.21,0.55,17000.67
0.75,0.77,0.7,65.89,31.33,0.55,17053.0
0.76,0.77,0.7,65.78,31.44,0.55,17111.33
0.77,0.77,0.69,65.67,31.55,0.55,17166.67
0.77,0.76,0.68,65.56,31.67,0.55,17219.67
0.76,0.76,0.67,65.46,31.79,0.56,17269.33
0.74,0.77,0.67,65.37,31.9,0.56,17314.33
0.72,0.76,0.66,65.28,32.01,0.56,17362.33
0.71,0.75,0.66,65.18,32.13,0.56,17410.33
0.68,0.75,0.67,65.09,32.24,0.57,17453.0
0.67,0.76,0.67,65.0,32.34,0.57,17500.0
0.66,0.76,0.67,64.9,32.44,0.57,17548.67
0.66,0.75,0.67,64.81,32.55,0.57,17597.0
0.67,0.75,0.66,64.7,32.65,0.57,17648.67
0.68,0.74,0.65,64.6,32.76,0.58,17701.33
0.68,0.73,0.63,64.5,32.88,0.58,17751.33
0.7,0.71,0.62,64.39,32.99,0.58,17803.67
0.7,0.7,0.62,64.3,33.1,0.58,17851.0
0.7,0.7,0.62,64.21,33.19,0.58,17897.33
0.7,0.69,0.62,64.11,33.3,0.59,17947.0
0.69,0.68,0.62,64.02,33.4,0.59,17991.67
0.68,0.68,0.62,63.91,33.51,0.59,18043.67
0.67,0.68,0.62,63.83,33.61,0.59,18087.33
0.65,0.69,0.62,63.74,33.7,0.6,18127.67
0.64,0.69,0.62,63.66,33.8,0.6,18172.33
0.63,0.68,0.62,63.58,33.9,0.6,18210.0
0.62,0.69,0.61,63.48,33.99,0.6,18258.33
0.62,0.69,0.6,63.39,34.09,0.6,18303.0
0.6,0.7,0.6,63.31,34.19,0.61,18343.33
0.59,0.7,0.58,63.23,34.29,0.61,18384.67
0.6,0.69,0.56,63.15,34.39,0.61,18425.67
0.59,0.68,0.55,63.06,34.5,0.61,18469.67
0.61,0.67,0.54,62.97,34.59,0.62,18514.33
0.6,0.66,0.54,62.89,34.7,0.62,18557.33
0.59,0.65,0.55,62.8,34.78,0.62,18599.33
0.6,0.64,0.55,62.72,34.88,0.62,18641.0
0.61,0.63,0.54,62.62,34.97,0.62,18689.67
0.62,0.62,0.54,62.53,35.06,0.62,18734.67
0.62,0.61,0.54,62.44,35.16,0.63,18778.67
0.62,0.61,0.54,62.35,35.25,0.63,18823.33
0.61,0.61,0.53,62.28,35.34,0.63,18861.33
0.61,0.6,0.52,62.19,35.44,0.63,18906.67
0.62,0.61,0.51,62.1,35.52,0.63,18952.0
0.62,0.61,0.52,62.0,35.62,0.63,18998.0
0.62,0.61,0.52,61.92,35.7,0.64,19042.33
0.63,0.62,0.51,61.81,35.79,0.64,19092.67
0.63,0.62,0.51,61.72,35.87,0.64,19139.67
0.65,0.62,0.51,61.63,35.96,0.64,19185.0
0.63,0.61,0.51,61.55,36.04,0.64,19223.0
0.63,0.61,0.51,61.46,36.13,0.65,19268.67
0.63,0.61,0.51,61.38,36.22,0.65,19312.0
0.63,0.62,0.52,61.29,36.3,0.65,19355.33
0.62,0.63,0.52,61.2,36.38,0.65,19400.67