incubando,i_mild,i_grave,susceptibles,recuperados,muertos,infectados_totales
1.02,0.0,0.0,98.98,0.0,0.0,509.0
2.27,0.0,0.0,97.73,0.0,0.0,1132.67
3.44,0.0,0.0,96.56,0.0,0.0,1718.0
4.68,0.0,0.0,95.32,0.0,0.0,2340.33
6.07,0.0,0.0,93.93,0.0,0.0,3036.33
7.57,0.0,0.0,92.43,0.0,0.0,3785.33
9.18,0.0,0.0,90.82,0.0,0.0,4590.33
9.9,0.75,0.27,89.08,0.0,0.0,5457.67
10.35,1.63,0.64,87.39,0.0,0.0,6306.67
10.97,2.46,0.98,85.6,0.0,0.0,7200.67
11.58,3.32,1.35,83.74,0.0,0.01,8128.33
12.1,4.32,1.74,81.82,0.0,0.01,9088.33
12.57,5.39,2.16,79.86,0.0,0.02,10070.33
12.89,6.53,2.63,77.93,0.0,0.02,11033.0
13.23,7.77,3.12,75.86,0.0,0.03,12070.67
13.58,8.96,3.61,73.8,0.0,0.04,13099.0
13.89,10.21,4.14,71.71,0.0,0.05,14143.67
14.14,10.77,4.68,69.61,0.75,0.06,15196.0
14.27,11.24,5.23,67.55,1.63,0.08,16225.33
14.34,11.83,5.77,65.52,2.46,0.09,17238.33
14.42,12.31,6.32,63.52,3.32,0.11,18241.0
14.41,12.79,6.9,61.45,4.32,0.13,19276.33
14.43,13.18,7.47,59.37,5.39,0.15,20313.33
14.33,13.51,8.07,57.38,6.53,0.18,21309.67
14.16,13.77,8.66,55.45,7.77,0.2,22276.33
14.0,14.04,9.22,53.54,8.96,0.23,23227.67
13.83,14.23,9.77,51.7,10.21,0.26,24151.67
13.74,14.35,10.32,49.78,11.52,0.29,25112.33
13.52,14.44,10.66,47.93,13.13,0.32,26037.33
13.25,14.52,10.88,46.12,14.88,0.36,26939.67
13.02,14.56,11.13,44.36,16.55,0.39,27819.33
12.79,14.45,11.29,42.66,18.38,0.43,28669.67
12.59,14.32,11.44,40.96,20.22,0.47,29520.33
12.37,14.2,11.51,39.32,22.09,0.5,30337.67
12.03,14.06,11.6,37.74,24.03,0.53,31127.67
11.7,13.89,11.66,36.22,25.96,0.56,31889.67
11.39,13.72,11.69,34.73,27.87,0.59,32633.33
11.09,13.55,11.66,33.27,29.8,0.63,33366.0
10.8,13.29,11.63,31.86,31.77,0.66,34070.67
10.47,13.02,11.55,30.49,33.78,0.69,34756.0
10.15,12.79,11.48,29.18,35.68,0.73,35411.33
9.8,12.55,11.35,27.95,37.6,0.75,36027.0
9.48,12.31,11.18,26.75,39.5,0.79,36627.33
9.11,12.0,11.05,25.62,41.4,0.83,37190.0
8.76,11.68,10.86,24.51,43.32,0.87,37745.33
8.44,11.37,10.68,23.42,45.2,0.9,38290.67
8.11,11.09,10.47,22.37,47.03,0.93,38813.0
7.81,10.77,10.27,21.37,48.83,0.95,39316.0
7.54,10.45,10.06,20.4,50.56,0.98,39797.67
7.21,10.09,9.8,19.54,52.36,1.01,40231.33
6.91,9.73,9.54,18.71,54.08,1.04,40643.67
6.57,9.37,9.28,17.94,55.78,1.06,41029.0
6.23,9.04,9.06,17.19,57.4,1.09,41406.67
5.95,8.75,8.8,16.43,58.97,1.11,41786.0
5.62,8.42,8.6,15.75,60.47,1.14,42124.33
5.36,8.12,8.28,15.04,62.02,1.17,42480.0
5.15,7.76,8.0,14.39,63.51,1.2,42804.0
4.95,7.39,7.72,13.76,64.95,1.23,43119.67
4.8,7.06,7.45,13.14,66.29,1.25,43430.67
4.6,6.77,7.15,12.59,67.64,1.27,43706.0
4.34,6.5,6.9,12.09,68.89,1.28,43955.33
4.15,6.2,6.61,11.61,70.12,1.31,44197.0
3.91,5.94,6.39,11.13,71.3,1.33,44435.33
3.74,5.65,6.16,10.65,72.45,1.35,44675.0
3.57,5.39,5.91,10.2,73.58,1.36,44902.33
3.36,5.11,5.69,9.78,74.68,1.38,45108.33
3.2,4.89,5.44,9.38,75.69,1.4,45307.67
3.11,4.66,5.21,8.98,76.62,1.42,45508.0
2.99,4.48,4.98,8.61,77.5,1.44,45693.67
2.86,4.27,4.75,8.26,78.4,1.45,45867.67
2.72,4.07,4.56,7.93,79.26,1.46,46037.33
2.58,3.93,4.36,7.62,80.04,1.48,46192.0
2.46,3.73,4.16,7.32,80.84,1.49,46339.67
2.38,3.54,3.96,7.01,81.6,1.51,46496.33
2.27,3.39,3.78,6.72,82.32,1.52,46641.0
2.14,3.24,3.58,6.47,83.03,1.53,46764.33
2.04,3.1,3.41,6.23,83.68,1.54,46885.67
1.91,3.0,3.26,6.01,84.26,1.56,46994.33
1.8,2.85,3.11,5.81,84.86,1.56,47093.0
1.7,2.72,2.96,5.62,85.42,1.57,47192.0
1.6,2.59,2.87,5.41,85.95,1.58,47295.33
1.49,2.47,2.73,5.23,86.49,1.59,47384.33
1.39,2.35,2.61,5.08,86.97,1.6,47460.67
1.32,2.25,2.47,4.9,87.44,1.61,47548.0
1.27,2.11,2.34,4.74,87.92,1.62,47629.0
1.24,1.98,2.22,4.57,88.37,1.62,47713.33
1.21,1.87,2.08,4.41,88.81,1.63,47795.0
1.14,1.79,1.97,4.27,89.2,1.63,47863.0
1.09,1.71,1.88,4.15,89.55,1.64,47927.0
1.07,1.6,1.8,4.01,89.88,1.64,47995.67
1.0,1.51,1.72,3.91,90.22,1.65,48046.0
0.94,1.41,1.63,3.8,90.56,1.65,48099.67
0.88,1.36,1.55,3.69,90.85,1.66,48155.33
0.82,1.3,1.49,3.59,91.13,1.66,48204.0
0.78,1.24,1.41,3.49,91.41,1.67,48253.0
0.75,1.2,1.33,3.4,91.65,1.67,48300.33
0.69,1.15,1.28,3.31,91.88,1.68,48342.67
0.68,1.06,1.21,3.23,92.13,1.68,48386.33
0.66,1.01,1.14,3.14,92.35,1.69,48430.67
0.64,0.98,1.08,3.05,92.55,1.69,48474.0
0.63,0.93,1.03,2.96,92.75,1.7,48518.33
0.63,0.89,0.96,2.87,92.96,1.7,48566.33
0.61,0.83,0.91,2.79,93.15,1.7,48605.33
0.62,0.78,0.87,2.7,93.33,1.71,48650.33
0.6,0.75,0.82,2.63,93.49,1.71,48686.67
0.59,0.71,0.79,2.55,93.65,1.71,48723.67
0.57,0.68,0.76,2.48,93.79,1.71,48758.33
0.53,0.67,0.73,2.43,93.92,1.71,48785.0
0.5,0.66,0.72,2.37,94.04,1.71,48814.0
0.47,0.64,0.68,2.32,94.17,1.72,48841.0
0.42,0.64,0.66,2.28,94.28,1.72,48861.67
0.39,0.61,0.64,2.24,94.4,1.72,48882.0
0.36,0.6,0.61,2.19,94.51,1.72,48904.33
0.34,0.59,0.59,2.14,94.61,1.72,48927.67
0.32,0.56,0.55,2.11,94.73,1.72,48946.67
0.31,0.54,0.54,2.07,94.83,1.73,48967.0
0.29,0.52,0.52,2.02,94.92,1.73,48987.67
0.3,0.48,0.48,1.97,95.02,1.73,49013.0
0.31,0.44,0.47,1.93,95.12,1.73,49036.0
0.3,0.42,0.45,1.89,95.21,1.74,49055.33
0.29,0.39,0.43,1.86,95.3,1.74,49071.67
0.29,0.36,0.42,1.82,95.37,1.74,49091.0
0.28,0.34,0.41,1.79,95.45,1.74,49107.33
0.26,0.32,0.39,1.76,95.52,1.74,49119.0
0.23,0.32,0.38,1.74,95.59,1.74,49130.0
0.2,0.32,0.37,1.73,95.64,1.74,49137.33
0.18,0.3,0.36,1.71,95.71,1.74,49145.67
0.17,0.29,0.34,1.68,95.76,1.75,49157.67
0.15,0.3,0.32,1.66,95.82,1.75,49168.0
0.14,0.29,0.31,1.65,95.87,1.75,49175.67
0.13,0.27,0.29,1.63,95.92,1.75,49184.0
0.12,0.26,0.27,1.62,95.97,1.75,49191.67
0.13,0.24,0.25,1.6,96.03,1.75,49200.33
0.13,0.23,0.24,1.58,96.07,1.75,49209.33
0.12,0.21,0.23,1.57,96.13,1.75,49216.33
0.11,0.19,0.21,1.55,96.18,1.75,49225.33
0.12,0.18,0.2,1.53,96.22,1.75,49234.33
0.12,0.17,0.18,1.52,96.26,1.75,49242.33
0.12,0.15,0.17,1.5,96.31,1.76,49250.33
0.12,0.13,0.17,1.48,96.34,1.76,49258.0
0.11,0.13,0.17,1.48,96.37,1.76,49262.0
0.1,0.12,0.16,1.46,96.39,1.76,49268.33
0.1,0.13,0.15,1.45,96.42,1.76,49273.33
0.08,0.13,0.14,1.45,96.44,1.76,49276.67
0.08,0.12,0.13,1.44,96.47,1.76,49282.0
0.07,0.12,0.13,1.42,96.5,1.76,49287.67
0.07,0.12,0.12,1.41,96.52,1.76,49295.0
0.07,0.11,0.1,1.4,96.55,1.76,49298.0
0.07,0.11,0.09,1.39,96.57,1.76,49304.33
0.07,0.11,0.09,1.38,96.58,1.76,49308.67
0.07,0.1,0.09,1.37,96.6,1.76,49313.0
0.07,0.1,0.09,1.36,96.62,1.76,49317.67
0.07,0.09,0.08,1.36,96.64,1.76,49321.33
0.06,0.09,0.08,1.35,96.65,1.76,49323.67
0.06,0.08,0.08,1.35,96.67,1.76,49327.0
0.05,0.08,0.08,1.34,96.69,1.76,49331.67
0.06,0.07,0.08,1.33,96.7,1.76,49336.33
0.05,0.07,0.08,1.32,96.71,1.76,49340.0
0.05,0.07,0.08,1.31,96.73,1.77,49344.33
0.05,0.07,0.07,1.31,96.74,1.77,49347.33
0.05,0.07,0.07,1.3,96.75,1.77,49350.0
0.05,0.06,0.06,1.29,96.76,1.77,49352.67
0.05,0.06,0.07,1.29,96.77,1.77,49356.0
0.04,0.06,0.06,1.28,96.79,1.77,49358.33
0.04,0.06,0.06,1.28,96.79,1.77,49361.0
0.03,0.06,0.06,1.28,96.81,1.77,49361.33
0.03,0.05,0.05,1.28,96.82,1.77,49362.33
0.03,0.05,0.05,1.27,96.83,1.77,49363.67
0.03,0.05,0.05,1.27,96.83,1.77,49365.33
0.02,0.05,0.05,1.27,96.84,1.77,49366.0
0.02,0.05,0.05,1.26,96.85,1.77,49369.0
0.02,0.05,0.05,1.26,96.86,1.77,49370.33
0.02,0.04,0.05,1.26,96.87,1.77,49371.33
0.02,0.04,0.04,1.26,96.88,1.77,49372.33
0.02,0.03,0.04,1.25,96.89,1.77,49374.0
0.02,0.03,0.04,1.25,96.9,1.77,49375.33
0.02,0.03,0.04,1.25,96.9,1.77,49376.33
0.02,0.03,0.03,1.24,96.91,1.77,49377.67
0.02,0.03,0.03,1.24,96.91,1.77,49378.33
0.02,0.02,0.03,1.24,96.92,1.77,49379.67
0.02,0.02,0.03,1.24,96.93,1.77,49382.33
0.02,0.02,0.03,1.23,96.93,1.77,49384.33
0.02,0.02,0.03,1.23,96.93,1.77,49386.0
0.02,0.02,0.03,1.22,96.94,1.77,49388.33
0.03,0.02,0.03,1.22,96.94,1.77,49391.33
0.03,0.02,0.03,1.21,96.94,1.77,49393.0
0.03,0.02,0.02,1.21,96.95,1.77,49394.33
0.03,0.02,0.02,1.21,96.96,1.77,49396.67
0.03,0.02,0.02,1.2,96.96,1.77,49398.33
0.03,0.02,0.02,1.2,96.96,1.77,49400.67
0.03,0.02,0.02,1.2,96.97,1.77,49402.33
0.02,0.02,0.02,1.19,96.97,1.77,49403.33
0.02,0.02,0.02,1.19,96.97,1.77,49405.33
0.03,0.02,0.02,1.19,96.97,1.77,49407.0
0.02,0.03,0.02,1.18,96.98,1.77,49408.0
0.02,0.03,0.02,1.18,96.98,1.77,49408.33
0.02,0.03,0.02,1.18,96.98,1.77,49409.33
0.02,0.03,0.02,1.18,96.99,1.77,49410.67
0.02,0.03,0.02,1.17,96.99,1.77,49412.67
0.02,0.03,0.02,1.17,96.99,1.77,49414.0
0.01,0.03,0.02,1.17,96.99,1.77,49414.33
0.01,0.02,0.02,1.17,97.0,1.77,49414.67
0.02,0.02,0.02,1.17,97.0,1.77,49416.0
0.01,0.02,0.02,1.17,97.01,1.77,49416.67
0.01,0.02,0.02,1.17,97.01,1.77,49417.0
0.01,0.02,0.02,1.17,97.01,1.77,49417.33
0.01,0.02,0.02,1.16,97.02,1.77,49418.33
0.01,0.02,0.02,1.16,97.02,1.77,49419.0
0.01,0.02,0.02,1.16,97.02,1.77,49420.0
0.01,0.02,0.02,1.16,97.03,1.77,49421.33
0.01,0.02,0.02,1.15,97.03,1.77,49423.0
0.02,0.01,0.01,1.15,97.03,1.77,49424.67
0.02,0.02,0.01,1.15,97.04,1.77,49425.67
0.02,0.02,0.01,1.15,97.04,1.77,49426.67
0.02,0.01,0.01,1.14,97.04,1.77,49428.0
0.02,0.01,0.01,1.14,97.05,1.77,49429.33
0.02,0.01,0.01,1.14,97.05,1.77,49430.33
0.02,0.01,0.01,1.14,97.05,1.77,49430.67
0.01,0.02,0.01,1.14,97.05,1.77,49431.33
0.01,0.01,0.01,1.14,97.05,1.77,49431.67
0.01,0.01,0.01,1.14,97.06,1.77,49431.67
0.01,0.02,0.01,1.14,97.06,1.77,49432.0
0.01,0.02,0.01,1.14,97.06,1.77,49432.33
0.0,0.02,0.01,1.14,97.06,1.77,49432.33
0.01,0.02,0.01,1.13,97.06,1.77,49433.67
0.01,0.01,0.01,1.13,97.07,1.77,49434.0
0.01,0.01,0.01,1.13,97.07,1.77,49434.33
0.01,0.01,0.01,1.13,97.07,1.77,49434.67
0.01,0.01,0.01,1.13,97.07,1.77,49435.33
0.01,0.01,0.01,1.13,97.07,1.77,49435.67
0.01,0.01,0.01,1.13,97.08,1.77,49437.0
0.01,0.01,0.01,1.13,97.08,1.77,49437.33
0.01,0.01,0.01,1.12,97.08,1.77,49437.67
0.01,0.01,0.01,1.12,97.08,1.77,49438.67
0.01,0.01,0.01,1.12,97.08,1.77,49439.67
0.01,0.01,0.01,1.12,97.08,1.77,49441.33
0.01,0.01,0.01,1.12,97.08,1.77,49441.67
0.01,0.01,0.01,1.12,97.08,1.77,49442.0
0.01,0.01,0.01,1.11,97.08,1.77,49442.67
0.01,0.01,0.01,1.11,97.08,1.77,49443.67
0.01,0.01,0.01,1.11,97.09,1.77,49444.67
0.01,0.01,0.01,1.11,97.09,1.77,49445.33
0.01,0.01,0.01,1.11,97.09,1.77,49446.33
0.01,0.01,0.01,1.11,97.09,1.77,49447.0
0.01,0.01,0.01,1.11,97.09,1.77,49447.0
0.01,0.01,0.01,1.11,97.09,1.77,49447.33
0.01,0.01,0.01,1.11,97.1,1.77,49447.33
0.01,0.01,0.01,1.11,97.1,1.77,49447.33
0.0,0.01,0.01,1.1,97.1,1.77,49447.67
0.0,0.01,0.01,1.1,97.1,1.77,49448.0
0.0,0.01,0.01,1.1,97.1,1.78,49448.0
0.0,0.01,0.01,1.1,97.1,1.78,49448.0
0.0,0.01,0.01,1.1,97.1,1.78,49448.33
0.0,0.01,0.01,1.1,97.1,1.78,49449.0
0.0,0.01,0.01,1.1,97.11,1.78,49449.67
0.01,0.01,0.01,1.1,97.11,1.78,49450.33
0.0,0.01,0.01,1.1,97.11,1.78,49450.33
0.0,0.0,0.01,1.1,97.11,1.78,49450.33
0.0,0.0,0.01,1.1,97.11,1.78,49450.33
0.0,0.0,0.01,1.1,97.11,1.78,49450.33
0.0,0.0,0.01,1.1,97.11,1.78,49450.33
0.0,0.0,0.01,1.1,97.11,1.78,49450.33
0.0,0.0,0.01,1.1,97.12,1.78,49450.33
0.0,0.0,0.0,1.1,97.12,1.78,49450.33
0.0,0.0,0.0,1.1,97.12,1.78,49450.33
0.0,0.0,0.0,1.1,97.12,1.78,49450.33
0.0,0.0,0.0,1.1,97.12,1.78,49450.33
0.0,0.0,0.0,1.1,97.12,1.78,49450.33
0.0,0.0,0.0,1.1,97.12,1.78,49450.33
0.0,0.0,0.0,1.1,97.12,1.78,49450.33
0.0,0.0,0.0,1.1,97.12,1.78,49450.33
0.0,0.0,0.0,1.1,97.12,1.78,49450.33
0.0,0.0,0.0,1.1,97.12,1.78,49450.33
0.0,0.0,0.0,1.1,97.12,1.78,49450.33
0.0,0.0,0.0,1.1,97.12,1.78,49450.33
0.0,0.0,0.0,1.1,97.12,1.78,49450.33
0.0,0.0,0.0,1.1,97.12,1.78,49450.33
0.0,0.0,0.0,1.1,97.13,1.78,49450.33
0.0,0.0,0.0,1.1,97.13,1.78,49450.33
0.0,0.0,0.0,1.1,97.13,1.78,49450.33
0.0,0.0,0.0,1.1,97.13,1.78,49450.33
0.0,0.0,0.0,1.1,97.13,1.78,49450.33
0.0,0.0,0.0,1.1,97.13,1.78,49450.33
0.0,0.0,0.0,1.1,97.13,1.78,49450.33
0.0,0.0,0.0,1.1,97.13,1.78,49450.33
0.0,0.0,0.0,1.1,97.13,1.78,49450.33
0.0,0.0,0.0,1.1,97.13,1.78,49450.33
0.0,0.0,0.0,1.1,97.13,1.78,49450.33
0.0,0.0,0.0,1.1,97.13,1.78,49450.33
0.0,0.0,0.0,1.1,97.13,1.78,49450.33
0.0,0.0,0.0,1.1,97.13,1.78,49450.33
0.0,0.0,0.0,1.1,97.13,1.78,49450.33
0.0,0.0,0.0,1.1,97.13,1.78,49450.33
0.0,0.0,0.0,1.1,97.13,1.78,49450.33
0.0,0.0,0.0,1.1,97.13,1.78,49450.33
0.0,0.0,0.0,1.1,97.13,1.78,49450.33
0.0,0.0,0.0,1.1,97.13,1.78,49450.33
0.0,0.0,0.0,1.1,97.13,1.78,49450.33
0.0,0.0,0.0,1.1,97.13,1.78,49450.33
0.0,0.0,0.0,1.1,97.13,1.78,49450.33
0.0,0.0,0.0,1.1,97.13,1.78,49450.33
0.0,0.0,0.0,1.1,97.13,1.78,49450.33
0.0,0.0,0.0,1.1,97.13,1.78,49450.33
0.0,0.0,0.0,1.1,97.13,1.78,49450.33
0.0,0.0,0.0,1.1,97.13,1.78,49450.33
0.0,0.0,0.0,1.1,97.13,1.78,49450.33
0.0,0.0,0.0,1.1,97.13,1.78,49450.33
0.0,0.0,0.0,1.1,97.13,1.78,49450.33
0.0,0.0,0.0,1.1,97.13,1.78,49450.33
0.0,0.0,0.0,1.1,97.13,1.78,49450.33
0.0,0.0,0.0,1.1,97.13,1.78,49450.33
0.0,0.0,0.0,1.1,97.13,1.78,49450.33
0.0,0.0,0.0,1.1,97.13,1.78,49450.33
0.0,0.0,0.0,1.1,97.13,1.78,49450.33
0.0,0.0,0.0,1.1,97.13,1.78,49450.33
0.0,0.0,0.0,1.1,97.13,1.78,49450.33
0.0,0.0,0.0,1.1,97.13,1.78,49450.33
0.0,0.0,0.0,1.1,97.13,1.78,49450.33
0.0,0.0,0.0,1.1,97.13,1.78,49450.33
0.0,0.0,0.0,1.1,97.13,1.78,49450.33
0.0,0.0,0.0,1.1,97.13,1.78,49450.33
0.0,0.0,0.0,1.1,97.13,1.78,49450.33
0.0,0.0,0.0,1.1,97.13,1.78,49450.33
0.0,0.0,0.0,1.1,97.13,1.78,49450.33
0.0,0.0,0.0,1.1,97.13,1.78,49450.33
0.0,0.0,0.0,1.1,97.13,1.78,49450.33
0.0,0.0,0.0,1.1,97.13,1.78,49450.33
0.0,0.0,0.0,1.1,97.13,1.78,49450.33
0.0,0.0,0.0,1.1,97.13,1.78,49450.33
0.0,0.0,0.0,1.1,97.13,1.78,49450.33
0.0,0.0,0.0,1.1,97.13,1.78,49450.33
0.0,0.0,0.0,1.1,97.13,1.78,49450.33
0.0,0.0,0.0,1.1,97.13,1.78,49450.33
0.0,0.0,0.0,1.1,97.13,1.78,49450.33
0.0,0.0,0.0,1.1,97.13,1.78,49450.33
0.0,0.0,0.0,1.1,97.13,1.78,49450.33
0.0,0.0,0.0,1.1,97.13,1.78,49450.33
0.0,0.0,0.0,1.1,97.13,1.78,49450.33
0.0,0.0,0.0,1.1,97.13,1.78,49450.33
0.0,0.0,0.0,1.1,97.13,1.78,49450.33
0.0,0.0,0.0,1.1,97.13,1.78,49450.33
0.0,0.0,0.0,1.1,97.13,1.78,49450.33
0.0,0.0,0.0,1.1,97.13,1.78,49450.33
0.0,0.0,0.0,1.1,97.13,1.78,49450.33
0.0,0.0,0.0,1.1,97.13,1.78,49450.33
0.0,0.0,0.0,1.1,97.13,1.78,49450.33
0.0,0.0,0.0,1.1,97.13,1.78,49450.33
0.0,0.0,0.0,1.1,97.13,1.78,49450.33
0.0,0.0,0.0,1.1,97.13,1.78,49450.33
0.0,0.0,0.0,1.1,97.13,1.78,49450.33
0.0,0.0,0.0,1.1,97.13,1.78,49450.33
0.0,0.0,0.0,1.1,97.13,1.78,49450.33
0.0,0.0,0.0,1.1,97.13,1.78,49450.33
0.0,0.0,0.0,1.1,97.13,1.78,49450.33
0.0,0.0,0.0,1.1,97.13,1.78,49450.33
0.0,0.0,0.0,1.1,97.13,1.78,49450.33
0.0,0.0,0.0,1.1,97.13,1.78,49450.33
0.0,0.0,0.0,1.1,97.13,1.78,49450.33
0.0,0.0,0.0,1.1,97.13,1.78,49450.33
0.0,0.0,0.0,1.1,97.13,1.78,49450.33
0.0,0.0,0.0,1.1,97.13,1.78,49450.33
0.0,0.0,0.0,1.1,97.13,1.78,49450.33
0.0,0.0,0.0,1.1,97.13,1.78,49450.33
0.0,0.0,0.0,1.1,97.13,1.78,49450.33
0.0,0.0,0.0,1.1,97.13,1.78,49450.33