incubando,i_mild,i_grave,susceptibles,recuperados,muertos,infectados_totales
0.02,0.0,0.0,99.98,0.0,0.0,9.0
0.04,0.0,0.0,99.96,0.0,0.0,19.33
0.05,0.0,0.0,99.95,0.0,0.0,27.33
0.08,0.0,0.0,99.92,0.0,0.0,38.33
0.1,0.0,0.0,99.9,0.0,0.0,49.33
0.13,0.0,0.0,99.87,0.0,0.0,64.33
0.15,0.0,0.0,99.85,0.0,0.0,76.0
0.17,0.02,0.0,99.82,0.0,0.0,91.67
0.18,0.03,0.01,99.79,0.0,0.0,107.33
0.19,0.04,0.01,99.75,0.0,0.0,124.67
0.2,0.06,0.02,99.72,0.0,0.0,138.67
0.21,0.07,0.03,99.69,0.0,0.0,154.0
0.21,0.09,0.04,99.67,0.0,0.0,167.33
0.22,0.11,0.04,99.63,0.0,0.0,184.33
0.23,0.13,0.06,99.59,0.0,0.0,206.67
0.24,0.15,0.06,99.55,0.0,0.0,227.0
0.24,0.18,0.07,99.51,0.0,0.0,245.33
0.25,0.18,0.08,99.47,0.02,0.0,264.33
0.26,0.18,0.09,99.44,0.03,0.0,282.0
0.28,0.19,0.1,99.39,0.04,0.0,307.0
0.28,0.2,0.11,99.35,0.06,0.0,324.0
0.27,0.22,0.12,99.32,0.07,0.0,340.33
0.28,0.23,0.14,99.27,0.09,0.0,365.33
0.28,0.24,0.15,99.23,0.11,0.0,385.33
0.29,0.24,0.16,99.18,0.13,0.0,408.67
0.28,0.24,0.17,99.15,0.15,0.0,424.0
0.28,0.25,0.18,99.1,0.18,0.0,448.33
0.3,0.26,0.19,99.05,0.19,0.0,473.0
0.32,0.26,0.2,99.0,0.22,0.0,501.0
0.33,0.28,0.21,98.94,0.24,0.0,528.0
0.35,0.28,0.21,98.88,0.27,0.0,560.0
0.35,0.28,0.22,98.83,0.31,0.0,585.0
0.4,0.28,0.22,98.76,0.35,0.0,622.0
0.4,0.29,0.22,98.7,0.38,0.0,648.33
0.41,0.3,0.23,98.64,0.41,0.0,678.67
0.42,0.31,0.23,98.57,0.45,0.01,712.67
0.43,0.32,0.24,98.51,0.49,0.01,743.33
0.44,0.33,0.26,98.44,0.53,0.01,780.67
0.47,0.34,0.26,98.36,0.56,0.01,818.67
0.46,0.36,0.26,98.3,0.61,0.01,851.67
0.48,0.37,0.27,98.23,0.64,0.01,886.33
0.49,0.39,0.28,98.15,0.68,0.01,925.0
0.51,0.41,0.29,98.07,0.71,0.01,966.0
0.52,0.41,0.3,98.0,0.77,0.01,1002.33
0.52,0.43,0.31,97.92,0.81,0.01,1038.33
0.51,0.44,0.32,97.85,0.86,0.02,1075.33
0.53,0.44,0.34,97.76,0.91,0.02,1119.0
0.55,0.45,0.34,97.68,0.96,0.02,1161.33
0.56,0.47,0.35,97.59,1.01,0.02,1203.33
0.56,0.48,0.36,97.51,1.07,0.02,1246.0
0.58,0.5,0.36,97.42,1.13,0.02,1290.67
0.6,0.5,0.38,97.33,1.18,0.02,1337.33
0.61,0.51,0.38,97.24,1.24,0.02,1381.0
0.63,0.53,0.4,97.14,1.28,0.02,1431.67
0.63,0.54,0.41,97.04,1.35,0.02,1477.67
0.64,0.54,0.42,96.95,1.42,0.03,1522.67
0.65,0.56,0.43,96.86,1.47,0.03,1571.0
0.66,0.58,0.44,96.76,1.53,0.03,1620.67
0.66,0.59,0.44,96.67,1.61,0.03,1666.0
0.67,0.59,0.46,96.56,1.69,0.03,1718.0
0.68,0.6,0.47,96.45,1.76,0.03,1772.67
0.7,0.63,0.48,96.34,1.82,0.03,1827.67
0.72,0.64,0.48,96.23,1.89,0.03,1884.67
0.73,0.64,0.49,96.12,1.98,0.04,1937.67
0.76,0.65,0.5,96.0,2.06,0.04,2001.0
0.78,0.65,0.51,95.89,2.13,0.04,2056.67
0.79,0.67,0.51,95.77,2.21,0.04,2115.0
0.8,0.68,0.52,95.66,2.3,0.05,2172.33
0.81,0.69,0.53,95.53,2.39,0.05,2233.33
0.81,0.71,0.54,95.42,2.47,0.05,2292.0
0.83,0.72,0.55,95.29,2.56,0.05,2353.67
0.83,0.73,0.58,95.17,2.64,0.05,2414.0
0.83,0.73,0.6,95.05,2.73,0.05,2474.0
0.85,0.75,0.61,94.92,2.82,0.05,2538.0
0.85,0.77,0.62,94.81,2.91,0.05,2596.0
0.84,0.79,0.64,94.69,2.99,0.05,2654.33
0.84,0.79,0.65,94.58,3.09,0.06,2712.33
0.83,0.81,0.65,94.46,3.19,0.06,2768.67
0.84,0.81,0.67,94.33,3.29,0.06,2834.0
0.84,0.81,0.68,94.21,3.4,0.06,2894.0
0.84,0.84,0.67,94.08,3.5,0.06,2958.0
0.86,0.83,0.68,93.95,3.61,0.06,3024.67
0.88,0.84,0.7,93.81,3.71,0.06,3092.67
0.89,0.84,0.71,93.68,3.81,0.07,3159.67
0.92,0.83,0.71,93.55,3.93,0.07,3227.33
0.91,0.85,0.71,93.42,4.04,0.07,3290.67
0.93,0.86,0.71,93.29,4.15,0.07,3357.33
0.95,0.86,0.72,93.14,4.27,0.08,3430.67
0.95,0.88,0.72,93.0,4.38,0.08,3499.33
0.96,0.88,0.73,92.86,4.5,0.08,3570.33
0.96,0.88,0.73,92.72,4.63,0.08,3638.0
0.97,0.91,0.74,92.58,4.73,0.08,3710.67
0.98,0.92,0.73,92.44,4.85,0.09,3779.0
0.98,0.95,0.72,92.31,4.97,0.09,3846.67
0.98,0.97,0.73,92.16,5.08,0.09,3921.33
0.99,0.96,0.75,92.02,5.2,0.09,3992.33
1.0,0.97,0.75,91.86,5.33,0.09,4069.0
1.01,0.96,0.76,91.72,5.46,0.09,4142.33
1.0,0.97,0.77,91.57,5.58,0.1,4212.67
1.01,0.97,0.78,91.43,5.72,0.1,4282.67
1.03,0.96,0.79,91.27,5.84,0.1,4363.33
1.06,0.96,0.81,91.1,5.97,0.1,4450.33
1.09,0.96,0.81,90.93,6.11,0.11,4535.0
1.1,0.96,0.82,90.77,6.25,0.11,4617.0
1.12,0.97,0.83,90.59,6.38,0.11,4704.33
1.14,0.98,0.84,90.43,6.5,0.11,4783.0
1.18,0.97,0.85,90.26,6.63,0.11,4872.33
1.2,1.0,0.86,90.07,6.75,0.12,4963.67
1.17,1.02,0.88,89.92,6.89,0.12,5037.67
1.17,1.06,0.88,89.76,7.01,0.12,5119.0
1.17,1.08,0.89,89.59,7.14,0.12,5203.0
1.16,1.11,0.89,89.43,7.28,0.12,5286.33
1.15,1.13,0.9,89.29,7.41,0.13,5357.33
1.12,1.15,0.92,89.13,7.54,0.13,5432.67
1.1,1.17,0.95,88.97,7.68,0.13,5514.67
1.12,1.18,0.94,88.81,7.82,0.13,5597.0
1.15,1.21,0.93,88.61,7.96,0.14,5694.67
1.16,1.22,0.94,88.43,8.11,0.14,5782.67
1.17,1.22,0.94,88.25,8.28,0.14,5873.33
1.2,1.19,0.94,88.08,8.44,0.14,5959.33
1.22,1.18,0.93,87.92,8.61,0.15,6040.67
1.23,1.17,0.93,87.74,8.78,0.15,6129.33
1.24,1.18,0.91,87.57,8.95,0.15,6215.0
1.2,1.19,0.93,87.41,9.11,0.16,6296.67
1.2,1.2,0.92,87.23,9.28,0.16,6383.0
1.2,1.21,0.94,87.05,9.43,0.16,6475.67
1.22,1.2,0.96,86.86,9.59,0.17,6567.67
1.24,1.2,0.96,86.68,9.75,0.17,6662.33
1.24,1.2,0.96,86.5,9.93,0.17,6751.0
1.25,1.22,0.96,86.32,10.07,0.17,6840.33
1.29,1.23,0.97,86.12,10.22,0.18,6940.0
1.3,1.22,0.98,85.93,10.39,0.18,7033.67
1.3,1.23,0.99,85.75,10.56,0.18,7126.33
1.31,1.22,1.01,85.55,10.73,0.18,7225.0
1.32,1.22,1.01,85.35,10.91,0.18,7323.33
1.34,1.23,0.99,85.16,11.09,0.19,7420.67
1.35,1.25,1.0,84.97,11.24,0.19,7516.0
1.33,1.28,1.02,84.79,11.4,0.19,7606.33
1.34,1.28,1.02,84.59,11.57,0.19,7703.0
1.37,1.3,1.03,84.38,11.73,0.2,7811.0
1.38,1.32,1.06,84.17,11.88,0.2,7915.33
1.36,1.34,1.07,83.99,12.04,0.2,8003.0
1.35,1.35,1.08,83.81,12.21,0.21,8097.33
1.34,1.35,1.1,83.62,12.37,0.21,8188.0
1.37,1.35,1.1,83.42,12.55,0.21,8290.67
1.38,1.35,1.11,83.21,12.73,0.22,8395.33
1.36,1.38,1.11,83.02,12.92,0.22,8492.33
1.35,1.38,1.11,82.82,13.12,0.23,8590.67
1.39,1.36,1.12,82.6,13.29,0.23,8697.67
1.42,1.37,1.12,82.39,13.48,0.23,8805.0
1.44,1.37,1.12,82.18,13.65,0.23,8908.67
1.46,1.37,1.13,81.96,13.84,0.24,9019.67
1.47,1.38,1.13,81.74,14.04,0.24,9130.33
1.49,1.39,1.13,81.52,14.22,0.24,9238.0
1.5,1.39,1.14,81.32,14.4,0.24,9341.33
1.5,1.41,1.15,81.11,14.59,0.25,9446.33
1.47,1.41,1.17,80.92,14.78,0.25,9539.0
1.46,1.41,1.18,80.73,14.97,0.25,9637.0
1.43,1.45,1.18,80.53,15.15,0.26,9735.0
1.41,1.47,1.19,80.33,15.33,0.26,9834.0
1.41,1.5,1.19,80.12,15.52,0.26,9941.0
1.4,1.5,1.19,79.92,15.73,0.27,10041.67
1.39,1.49,1.2,79.72,15.93,0.27,10141.67
1.4,1.49,1.2,79.52,16.12,0.27,10241.33
1.39,1.5,1.19,79.33,16.31,0.28,10332.67
1.38,1.48,1.21,79.15,16.51,0.28,10426.33
1.38,1.46,1.2,78.95,16.72,0.28,10522.67
1.35,1.47,1.2,78.77,16.92,0.29,10616.0
1.34,1.44,1.21,78.58,17.15,0.29,10710.0
1.31,1.44,1.2,78.4,17.35,0.3,10798.0
1.3,1.42,1.2,78.22,17.56,0.3,10891.33
1.28,1.41,1.2,78.05,17.75,0.31,10975.0
1.27,1.39,1.21,77.87,17.95,0.31,11063.33
1.28,1.38,1.21,77.68,18.14,0.31,11160.33
1.28,1.38,1.2,77.48,18.34,0.31,11258.0
1.28,1.38,1.2,77.3,18.52,0.32,11347.67
1.26,1.37,1.19,77.14,18.72,0.32,11427.67
1.26,1.35,1.17,76.96,18.93,0.33,11519.33
1.28,1.33,1.16,76.77,19.13,0.33,11614.67
1.28,1.3,1.16,76.6,19.34,0.33,11702.0
1.26,1.3,1.15,76.42,19.54,0.34,11788.67
1.25,1.3,1.15,76.23,19.72,0.34,11883.67
1.26,1.3,1.14,76.05,19.91,0.35,11975.33
1.29,1.29,1.11,75.86,20.1,0.35,12072.33
1.3,1.29,1.11,75.66,20.29,0.35,12167.67
1.29,1.29,1.11,75.48,20.47,0.35,12259.67
1.29,1.3,1.1,75.3,20.66,0.36,12348.0
1.3,1.28,1.08,75.12,20.85,0.36,12437.67
1.29,1.3,1.08,74.95,21.02,0.36,12527.33
1.28,1.33,1.06,74.77,21.2,0.37,12614.67
1.27,1.32,1.06,74.58,21.39,0.37,12709.67
1.26,1.32,1.06,74.4,21.58,0.38,12798.67
1.24,1.33,1.06,74.24,21.75,0.38,12878.0
1.22,1.33,1.06,74.09,21.93,0.38,12956.67
1.21,1.32,1.04,73.92,22.12,0.39,13041.0
1.2,1.32,1.04,73.74,22.3,0.39,13127.67
1.19,1.32,1.03,73.58,22.48,0.4,13210.67
1.18,1.33,1.03,73.4,22.66,0.4,13298.33
1.17,1.33,1.03,73.24,22.83,0.4,13381.67
1.18,1.3,1.03,73.06,23.02,0.41,13469.0
1.19,1.26,1.02,72.89,23.22,0.41,13553.67
1.21,1.25,1.02,72.71,23.4,0.42,13645.0
1.21,1.23,1.01,72.54,23.59,0.42,13730.33
1.21,1.23,1.01,72.37,23.75,0.42,13817.0
1.22,1.22,1.03,72.19,23.93,0.42,13907.33
1.21,1.21,1.03,72.03,24.1,0.42,13984.67
1.2,1.2,1.03,71.86,24.28,0.43,14070.0
1.2,1.17,1.04,71.69,24.46,0.43,14153.33
1.19,1.18,1.05,71.52,24.64,0.43,14239.0
1.18,1.19,1.04,71.36,24.8,0.43,14321.0
1.18,1.21,1.05,71.18,24.94,0.44,14408.0
1.18,1.2,1.06,71.0,25.11,0.44,14499.67
1.21,1.2,1.04,70.82,25.29,0.44,14591.0
1.22,1.19,1.04,70.64,25.46,0.44,14680.0
1.23,1.2,1.03,70.46,25.63,0.45,14767.67
1.24,1.21,1.02,70.29,25.79,0.45,14857.0
1.25,1.2,1.03,70.11,25.96,0.45,14947.33
1.27,1.21,1.04,69.91,26.11,0.45,15044.33
1.28,1.2,1.05,69.72,26.29,0.46,15139.33
1.28,1.2,1.06,69.53,26.46,0.46,15233.0
1.29,1.2,1.06,69.35,26.63,0.47,15323.0
1.31,1.21,1.06,69.16,26.8,0.47,15422.33
1.32,1.23,1.05,68.96,26.96,0.47,15518.33
1.33,1.24,1.07,68.78,27.12,0.47,15611.0
1.34,1.25,1.07,68.57,27.29,0.47,15716.0
1.36,1.25,1.08,68.37,27.47,0.48,15817.33
1.37,1.28,1.08,68.16,27.63,0.48,15919.0
1.39,1.28,1.07,67.96,27.81,0.48,16019.33
1.39,1.31,1.07,67.76,27.98,0.49,16119.67
1.41,1.32,1.07,67.55,28.15,0.49,16224.0
1.43,1.33,1.07,67.35,28.32,0.49,16325.67
1.42,1.35,1.08,67.14,28.5,0.5,16427.67
1.43,1.37,1.07,66.94,28.69,0.5,16531.0
1.42,1.39,1.1,66.74,28.85,0.5,16630.0
1.44,1.39,1.1,66.52,29.04,0.51,16740.33
1.44,1.41,1.11,66.32,29.21,0.51,16842.0
1.43,1.43,1.12,66.12,29.38,0.51,16940.67
1.44,1.45,1.12,65.91,29.56,0.52,17045.0
1.44,1.45,1.13,65.71,29.76,0.52,17146.33
1.44,1.46,1.12,65.49,29.95,0.52,17253.33
1.47,1.48,1.11,65.27,30.14,0.53,17367.0
1.47,1.48,1.13,65.05,30.34,0.53,17475.33
1.48,1.47,1.14,64.84,30.54,0.53,17581.0
1.49,1.47,1.16,64.63,30.72,0.54,17686.33
1.49,1.48,1.16,64.42,30.92,0.54,17792.0
1.5,1.46,1.17,64.2,31.12,0.54,17897.67
1.49,1.46,1.17,64.0,31.33,0.55,17997.67
1.45,1.47,1.18,63.82,31.53,0.55,18092.33
1.43,1.49,1.18,63.61,31.72,0.56,18192.67
1.43,1.47,1.2,63.41,31.93,0.56,18295.67
1.4,1.48,1.2,63.23,32.12,0.56,18386.0
1.39,1.49,1.2,63.03,32.32,0.57,18485.33
1.38,1.49,1.21,62.83,32.52,0.57,18587.33
1.37,1.5,1.21,62.64,32.71,0.58,18681.67
1.38,1.47,1.22,62.44,32.92,0.58,18782.0
1.38,1.48,1.22,62.24,33.11,0.58,18880.33
1.36,1.48,1.23,62.05,33.3,0.58,18976.67
1.39,1.45,1.22,61.84,33.52,0.59,19079.33
1.39,1.43,1.22,61.64,33.73,0.59,19179.0
1.36,1.44,1.21,61.46,33.93,0.6,19268.67
1.35,1.42,1.21,61.29,34.13,0.6,19355.33
1.33,1.4,1.23,61.11,34.34,0.6,19447.0
1.32,1.39,1.22,60.92,34.55,0.61,19541.33
1.32,1.39,1.21,60.73,34.74,0.61,19635.67
1.3,1.41,1.21,60.54,34.93,0.61,19728.0
1.27,1.41,1.2,60.37,35.13,0.62,19812.67
1.28,1.39,1.19,60.18,35.34,0.62,19909.0
1.3,1.37,1.18,59.99,35.53,0.63,20006.0
1.32,1.36,1.17,59.79,35.73,0.63,20107.0
1.31,1.35,1.16,59.6,35.94,0.63,20198.0
1.33,1.35,1.15,59.4,36.13,0.63,20300.33
1.34,1.36,1.13,59.21,36.32,0.64,20397.0
1.36,1.34,1.13,59.02,36.51,0.65,20492.33
1.37,1.33,1.12,58.82,36.72,0.65,20592.0
1.36,1.32,1.12,58.63,36.92,0.65,20684.33
1.33,1.31,1.12,58.45,37.13,0.66,20774.0
1.34,1.32,1.11,58.26,37.3,0.66,20869.67
1.32,1.35,1.12,58.08,37.48,0.66,20962.0
1.31,1.36,1.12,57.89,37.65,0.67,21054.0
1.32,1.36,1.12,57.7,37.84,0.67,21150.33
1.31,1.35,1.13,57.51,38.02,0.68,21246.33
1.32,1.34,1.13,57.31,38.22,0.68,21343.33
1.34,1.36,1.11,57.11,38.39,0.68,21444.0
1.33,1.35,1.12,56.93,38.59,0.69,21535.0
1.35,1.35,1.13,56.73,38.76,0.69,21635.0
1.34,1.34,1.13,56.55,38.95,0.69,21725.67
1.33,1.33,1.13,56.36,39.14,0.7,21817.67
1.33,1.33,1.13,56.18,39.33,0.7,21910.67
1.32,1.32,1.14,56.0,39.52,0.71,22002.33
1.29,1.33,1.14,55.83,39.71,0.71,22086.67
1.28,1.32,1.15,55.65,39.89,0.71,22176.0
1.27,1.34,1.15,55.46,40.07,0.71,22269.0
1.27,1.34,1.15,55.28,40.24,0.72,22362.33
1.26,1.35,1.14,55.1,40.42,0.72,22448.67
1.25,1.36,1.13,54.92,40.61,0.72,22538.0
1.25,1.37,1.12,54.75,40.79,0.72,22627.33
1.26,1.36,1.11,54.57,40.99,0.72,22717.33
1.26,1.35,1.11,54.39,41.16,0.73,22805.67
1.23,1.35,1.1,54.23,41.36,0.73,22883.33
1.22,1.33,1.11,54.06,41.56,0.73,22972.33
1.2,1.32,1.1,53.9,41.74,0.74,23051.0
1.18,1.3,1.09,53.74,41.95,0.74,23130.0
1.17,1.29,1.09,53.58,42.13,0.75,23211.67
1.15,1.27,1.11,53.42,42.31,0.75,23292.33
1.14,1.26,1.09,53.25,42.51,0.75,23373.33
1.15,1.23,1.08,53.09,42.7,0.76,23457.0
1.13,1.23,1.08,52.92,42.87,0.76,23537.67
1.14,1.21,1.07,52.76,43.05,0.77,23619.33
1.15,1.18,1.07,52.59,43.24,0.77,23703.67
1.15,1.16,1.06,52.43,43.42,0.77,23784.33
1.16,1.16,1.06,52.26,43.59,0.77,23870.67
1.16,1.15,1.05,52.09,43.77,0.78,23954.67
1.16,1.14,1.04,51.93,43.95,0.78,24036.67
1.16,1.14,1.04,51.77,44.11,0.79,24116.67
1.16,1.13,1.05,51.6,44.28,0.79,24199.67
1.15,1.13,1.06,51.45,44.43,0.79,24276.67
1.13,1.12,1.06,51.3,44.6,0.79,24349.67
1.1,1.12,1.07,51.16,44.75,0.8,24420.33
1.1,1.13,1.07,50.99,44.9,0.8,24503.67
1.1,1.14,1.07,50.83,45.06,0.81,24586.33
1.11,1.14,1.06,50.66,45.23,0.81,24671.67
1.11,1.15,1.04,50.49,45.39,0.81,24753.33
1.12,1.14,1.04,50.33,45.57,0.81,24834.67
1.12,1.12,1.03,50.18,45.73,0.81,24910.33
1.13,1.11,1.01,50.02,45.9,0.82,24987.67
1.12,1.11,1.01,49.87,46.06,0.82,25066.0
1.12,1.12,1.02,49.7,46.21,0.82,25148.0
1.11,1.13,1.01,49.55,46.38,0.83,25224.67
1.1,1.13,1.01,49.4,46.54,0.83,25301.33
1.09,1.12,1.0,49.24,46.72,0.83,25380.0
1.1,1.12,0.99,49.08,46.87,0.83,25462.33
1.11,1.11,0.98,48.92,47.05,0.84,25540.67
1.09,1.11,0.98,48.78,47.2,0.84,25612.33
1.07,1.13,0.99,48.64,47.34,0.84,25681.33
1.06,1.13,0.99,48.49,47.48,0.84,25754.67
1.05,1.13,0.98,48.35,47.64,0.85,25824.67
1.04,1.13,0.97,48.2,47.81,0.85,25901.67
1.02,1.13,0.96,48.05,47.98,0.85,25974.0
1.01,1.13,0.95,47.9,48.15,0.86,26048.0
1.02,1.1,0.94,47.76,48.32,0.86,26120.0
1.03,1.09,0.94,47.61,48.47,0.86,26194.67
1.04,1.09,0.93,47.45,48.62,0.87,26273.67
1.05,1.07,0.93,47.3,48.77,0.87,26350.67
1.05,1.08,0.91,47.15,48.94,0.88,26425.0
1.05,1.07,0.91,47.01,49.09,0.88,26497.0
1.04,1.06,0.91,46.86,49.24,0.88,26567.67
1.05,1.05,0.9,46.71,49.4,0.88,26645.0
1.06,1.03,0.9,46.56,49.57,0.89,26722.33
1.04,1.03,0.9,46.41,49.73,0.89,26792.67
1.02,1.05,0.9,46.28,49.87,0.89,26861.33
1.01,1.05,0.9,46.14,50.0,0.89,26932.33
1.02,1.05,0.9,45.98,50.15,0.9,27008.0
1.03,1.05,0.91,45.84,50.29,0.9,27080.67
1.03,1.03,0.91,45.68,50.45,0.9,27161.0
1.03,1.05,0.9,45.53,50.6,0.9,27236.0
1.05,1.03,0.9,45.37,50.75,0.9,27317.0
1.07,1.03,0.89,45.2,50.89,0.91,27397.67
1.08,1.03,0.89,45.05,51.03,0.92,27474.33
1.1,1.01,0.9,44.89,51.18,0.92,27555.67
1.09,1.01,0.9,44.75,51.33,0.92,27626.0
1.08,1.02,0.9,44.6,51.48,0.93,27702.0
1.08,1.03,0.9,44.45,51.62,0.93,27776.67
1.07,1.04,0.91,44.29,51.75,0.93,27853.0
1.06,1.06,0.92,44.14,51.89,0.93,27928.67
1.07,1.04,0.93,43.99,52.05,0.93,28007.33