incubando,i_mild,i_grave,susceptibles,recuperados,muertos,infectados_totales
1.07,0.0,0.0,98.93,0.0,0.0,533.0
2.54,0.0,0.0,97.46,0.0,0.0,1267.67
4.02,0.0,0.0,95.98,0.0,0.0,2009.67
5.45,0.0,0.0,94.55,0.0,0.0,2724.33
6.92,0.0,0.0,93.08,0.0,0.0,3462.33
8.49,0.0,0.0,91.51,0.0,0.0,4243.67
10.08,0.0,0.0,89.92,0.0,0.0,5039.67
10.63,0.78,0.29,88.31,0.0,0.0,5846.33
10.64,1.84,0.69,86.82,0.0,0.0,6588.33
10.77,2.9,1.12,85.21,0.0,0.0,7396.0
10.92,3.9,1.54,83.63,0.0,0.01,8184.67
11.07,4.95,1.97,82.0,0.0,0.01,8998.0
11.11,6.06,2.42,80.41,0.0,0.01,9796.33
11.19,7.18,2.88,78.73,0.0,0.02,10632.67
11.23,8.33,3.34,77.07,0.0,0.03,11463.67
11.45,9.38,3.76,75.37,0.0,0.03,12315.0
11.43,10.56,4.19,73.78,0.0,0.04,13109.33
11.53,10.89,4.65,72.11,0.78,0.05,13947.33
11.62,10.98,5.1,70.39,1.84,0.07,14805.67
11.7,11.03,5.58,68.71,2.9,0.09,15644.33
11.62,11.23,6.03,67.11,3.9,0.1,16444.67
11.61,11.37,6.49,65.47,4.95,0.11,17267.33
11.54,11.46,6.98,63.83,6.06,0.13,18085.33
11.55,11.47,7.41,62.23,7.18,0.16,18884.0
11.48,11.52,7.87,60.63,8.33,0.18,19686.67
11.3,11.69,8.33,59.09,9.38,0.2,20454.33
11.18,11.7,8.8,57.53,10.56,0.23,21234.0
11.1,11.7,9.26,56.01,11.67,0.26,21993.0
11.0,11.71,9.45,54.46,13.09,0.29,22769.33
10.81,11.74,9.53,53.02,14.58,0.32,23491.33
10.71,11.69,9.54,51.52,16.2,0.34,24240.67
10.57,11.64,9.58,50.05,17.79,0.37,24972.67
10.46,11.52,9.61,48.63,19.38,0.4,25686.0
10.26,11.53,9.56,47.27,20.95,0.43,26363.0
10.16,11.39,9.55,45.85,22.58,0.46,27073.33
9.91,11.23,9.59,44.55,24.24,0.49,27723.67
9.79,11.08,9.57,43.23,25.81,0.52,28384.0
9.54,11.02,9.57,41.98,27.35,0.54,29009.67
9.31,10.9,9.54,40.75,28.95,0.56,29626.0
9.09,10.74,9.51,39.53,30.54,0.59,30232.67
8.9,10.55,9.41,38.38,32.15,0.62,30811.33
8.61,10.44,9.33,37.24,33.73,0.64,31379.0
8.41,10.26,9.26,36.15,35.26,0.67,31927.33
8.1,10.05,9.15,35.13,36.87,0.69,32433.33
7.88,9.9,9.05,34.1,38.35,0.72,32951.33
7.67,9.7,8.94,33.08,39.87,0.75,33458.67
7.48,9.52,8.81,32.06,41.36,0.78,33971.33
7.3,9.28,8.66,31.08,42.89,0.81,34460.0
7.11,9.03,8.52,30.13,44.38,0.83,34934.67
6.95,8.82,8.35,29.2,45.83,0.86,35400.0
6.83,8.6,8.12,28.3,47.25,0.89,35849.67
6.64,8.32,7.96,27.46,48.7,0.92,36269.67
6.48,8.13,7.79,26.6,50.05,0.95,36700.67
6.25,7.92,7.64,25.81,51.4,0.97,37096.33
6.02,7.71,7.51,25.06,52.7,1.0,37472.0
5.76,7.51,7.34,24.37,54.0,1.02,37816.0
5.56,7.34,7.11,23.64,55.3,1.04,38178.0
5.35,7.17,6.96,22.95,56.51,1.06,38524.33
5.17,6.97,6.79,22.29,57.7,1.08,38855.67
4.96,6.81,6.61,21.64,58.88,1.1,39182.33
4.8,6.61,6.42,21.0,60.04,1.12,39498.33
4.68,6.39,6.27,20.37,61.15,1.13,39813.33
4.59,6.17,6.07,19.78,62.24,1.15,40110.33
4.44,5.94,5.91,19.2,63.33,1.17,40399.67
4.31,5.73,5.74,18.64,64.39,1.19,40678.67
4.19,5.52,5.59,18.1,65.39,1.21,40949.67
4.08,5.31,5.42,17.56,66.41,1.22,41220.0
3.97,5.12,5.26,17.04,67.38,1.24,41481.33
3.86,4.98,5.11,16.51,68.28,1.26,41745.0
3.77,4.78,4.93,16.01,69.23,1.28,41996.67
3.66,4.64,4.8,15.54,70.07,1.29,42230.33
3.58,4.51,4.69,15.06,70.85,1.31,42470.67
3.51,4.4,4.57,14.59,71.61,1.32,42703.33
3.44,4.29,4.43,14.12,72.39,1.34,42941.67
3.37,4.17,4.27,13.67,73.15,1.37,43164.33
3.26,4.08,4.15,13.25,73.88,1.37,43375.0
3.17,3.98,4.01,12.84,74.61,1.39,43581.0
3.09,3.87,3.89,12.45,75.3,1.4,43776.67
3.01,3.76,3.79,12.04,75.97,1.41,43977.67
2.93,3.66,3.68,11.66,76.64,1.42,44169.67
2.85,3.59,3.58,11.27,77.28,1.43,44364.67
2.76,3.51,3.47,10.91,77.9,1.44,44542.67
2.69,3.43,3.37,10.56,78.5,1.45,44719.67
2.62,3.34,3.3,10.22,79.06,1.46,44888.67
2.58,3.24,3.2,9.87,79.65,1.46,45065.67
2.5,3.16,3.1,9.54,80.22,1.47,45228.67
2.44,3.07,3.02,9.22,80.77,1.48,45390.67
2.37,3.02,2.94,8.9,81.28,1.49,45550.0
2.3,2.95,2.86,8.62,81.78,1.49,45692.33
2.22,2.88,2.78,8.34,82.29,1.5,45830.0
2.16,2.77,2.71,8.06,82.79,1.51,45969.67
2.08,2.7,2.65,7.79,83.26,1.52,46106.67
2.0,2.62,2.59,7.54,83.72,1.52,46230.0
1.91,2.56,2.53,7.31,84.16,1.53,46345.0
1.81,2.51,2.47,7.09,84.58,1.54,46457.0
1.75,2.43,2.39,6.87,85.02,1.55,46565.67
1.7,2.35,2.31,6.64,85.44,1.55,46682.0
1.65,2.27,2.26,6.41,85.85,1.56,46793.0
1.6,2.19,2.21,6.19,86.24,1.57,46904.33
1.55,2.11,2.13,5.99,86.64,1.58,47007.33
1.51,2.04,2.06,5.8,87.0,1.58,47099.0
1.47,1.95,2.0,5.62,87.38,1.59,47190.67
1.43,1.87,1.94,5.44,87.73,1.59,47280.0
1.38,1.79,1.9,5.26,88.07,1.6,47371.33
1.34,1.73,1.85,5.07,88.4,1.61,47463.67
1.29,1.69,1.78,4.9,88.72,1.61,47551.0
1.25,1.65,1.73,4.74,89.02,1.62,47632.0
1.22,1.58,1.67,4.58,89.32,1.63,47708.67
1.19,1.52,1.61,4.43,89.61,1.63,47787.0
1.16,1.48,1.58,4.28,89.87,1.64,47862.33
1.12,1.45,1.51,4.13,90.13,1.65,47933.33
1.08,1.42,1.47,3.99,90.38,1.66,48004.33
1.04,1.39,1.42,3.86,90.63,1.66,48069.0
1.0,1.36,1.37,3.74,90.87,1.66,48131.67
0.96,1.31,1.32,3.62,91.12,1.67,48188.0
0.92,1.25,1.27,3.51,91.38,1.67,48247.33
0.88,1.2,1.24,3.4,91.6,1.68,48301.67
0.84,1.18,1.2,3.29,91.81,1.68,48355.67
0.81,1.15,1.16,3.18,92.01,1.68,48408.0
0.77,1.12,1.12,3.09,92.22,1.69,48454.33
0.74,1.08,1.07,3.0,92.42,1.69,48501.33
0.72,1.03,1.03,2.9,92.62,1.7,48548.0
0.69,0.99,1.01,2.81,92.8,1.7,48592.67
0.66,0.96,0.97,2.74,92.97,1.7,48630.0
0.63,0.92,0.92,2.66,93.16,1.71,48670.67
0.59,0.9,0.89,2.59,93.32,1.71,48704.33
0.57,0.86,0.85,2.52,93.49,1.71,48741.33
0.55,0.82,0.83,2.45,93.64,1.71,48777.0
0.53,0.78,0.81,2.37,93.79,1.72,48814.67
0.51,0.75,0.78,2.3,93.93,1.72,48849.67
0.51,0.71,0.75,2.23,94.08,1.72,48883.67
0.49,0.69,0.73,2.16,94.21,1.72,48918.0
0.5,0.65,0.69,2.09,94.34,1.72,48954.67
0.49,0.62,0.66,2.03,94.47,1.73,48986.67
0.48,0.6,0.64,1.97,94.59,1.73,49016.0
0.46,0.58,0.61,1.91,94.71,1.73,49045.67
0.46,0.56,0.58,1.84,94.82,1.74,49078.33
0.45,0.54,0.56,1.79,94.93,1.74,49107.33
0.44,0.53,0.54,1.73,95.03,1.74,49137.0
0.42,0.51,0.52,1.67,95.13,1.74,49165.67
0.42,0.5,0.5,1.6,95.22,1.74,49198.0
0.41,0.48,0.5,1.56,95.31,1.74,49221.0
0.4,0.48,0.49,1.51,95.38,1.75,49245.0
0.38,0.48,0.46,1.46,95.47,1.75,49268.0
0.36,0.47,0.45,1.43,95.54,1.75,49287.33
0.34,0.46,0.43,1.38,95.63,1.75,49307.67
0.33,0.45,0.42,1.34,95.71,1.75,49328.33
0.31,0.44,0.42,1.29,95.78,1.76,49353.0
0.29,0.42,0.41,1.26,95.85,1.76,49368.33
0.28,0.41,0.39,1.23,95.93,1.76,49387.33
0.28,0.4,0.38,1.18,96.0,1.76,49408.0
0.28,0.39,0.37,1.15,96.06,1.76,49426.0
0.27,0.38,0.36,1.11,96.12,1.76,49444.0
0.26,0.35,0.35,1.08,96.19,1.76,49460.33
0.25,0.35,0.34,1.05,96.25,1.77,49477.0
0.24,0.33,0.33,1.02,96.31,1.77,49490.33
0.23,0.31,0.32,0.99,96.37,1.77,49503.33
0.23,0.3,0.31,0.96,96.43,1.77,49521.0
0.22,0.3,0.31,0.93,96.48,1.77,49535.67
0.21,0.29,0.3,0.9,96.53,1.77,49548.33
0.2,0.28,0.28,0.88,96.59,1.78,49561.33
0.19,0.27,0.27,0.85,96.63,1.78,49573.67
0.19,0.26,0.27,0.83,96.68,1.78,49584.67
0.19,0.24,0.26,0.81,96.73,1.78,49596.0
0.17,0.23,0.25,0.79,96.78,1.78,49606.33
0.16,0.23,0.24,0.76,96.81,1.78,49617.67
0.16,0.23,0.23,0.74,96.86,1.78,49629.33
0.16,0.21,0.23,0.72,96.9,1.78,49639.67
0.15,0.2,0.22,0.7,96.95,1.78,49649.0
0.15,0.19,0.21,0.69,96.99,1.78,49657.33
0.14,0.18,0.2,0.67,97.02,1.78,49666.67
0.13,0.17,0.2,0.65,97.06,1.78,49673.67
0.12,0.17,0.2,0.64,97.08,1.78,49678.67
0.11,0.17,0.19,0.63,97.11,1.78,49685.33
0.1,0.16,0.18,0.62,97.15,1.78,49692.0
0.1,0.15,0.18,0.6,97.18,1.78,49698.67
0.1,0.15,0.17,0.59,97.21,1.79,49705.0
0.09,0.15,0.16,0.58,97.23,1.79,49712.0
0.09,0.14,0.16,0.56,97.26,1.79,49719.0
0.09,0.13,0.15,0.55,97.28,1.79,49724.33
0.09,0.13,0.15,0.54,97.31,1.79,49729.33
0.09,0.12,0.14,0.53,97.33,1.79,49735.0
0.08,0.12,0.13,0.52,97.36,1.79,49739.0
0.08,0.11,0.12,0.51,97.38,1.79,49745.0
0.08,0.1,0.12,0.5,97.41,1.79,49750.0
0.07,0.1,0.12,0.49,97.43,1.79,49755.33
0.07,0.1,0.11,0.48,97.45,1.79,49758.33
0.07,0.09,0.11,0.47,97.47,1.79,49763.67
0.07,0.08,0.1,0.46,97.49,1.79,49768.33
0.07,0.08,0.1,0.46,97.51,1.79,49772.33
0.06,0.08,0.1,0.45,97.52,1.79,49777.33
0.06,0.08,0.09,0.44,97.54,1.79,49780.67
0.06,0.07,0.09,0.43,97.56,1.79,49785.33
0.06,0.07,0.08,0.42,97.57,1.79,49788.33
0.06,0.07,0.08,0.41,97.59,1.79,49792.67
0.06,0.07,0.08,0.41,97.6,1.79,49796.33
0.06,0.06,0.08,0.4,97.61,1.79,49800.67
0.06,0.06,0.07,0.39,97.62,1.79,49807.33
0.07,0.06,0.07,0.37,97.64,1.79,49813.33
0.06,0.06,0.07,0.37,97.64,1.79,49817.0
0.06,0.06,0.07,0.36,97.66,1.79,49820.0
0.06,0.06,0.07,0.35,97.67,1.79,49824.33
0.06,0.05,0.07,0.34,97.67,1.79,49828.67
0.06,0.06,0.07,0.33,97.68,1.79,49832.67
0.06,0.06,0.07,0.33,97.69,1.79,49835.67
0.05,0.06,0.06,0.32,97.71,1.79,49838.67
0.05,0.06,0.06,0.32,97.71,1.79,49841.67
0.05,0.06,0.06,0.31,97.72,1.79,49845.0
0.05,0.06,0.06,0.3,97.73,1.8,49847.67
0.04,0.06,0.06,0.3,97.74,1.8,49850.67
0.04,0.07,0.05,0.3,97.75,1.8,49852.33
0.04,0.06,0.05,0.29,97.76,1.8,49854.33
0.04,0.06,0.05,0.29,97.77,1.8,49856.33
0.03,0.06,0.05,0.28,97.78,1.8,49858.0
0.03,0.06,0.05,0.28,97.79,1.8,49860.0
0.03,0.05,0.05,0.28,97.8,1.8,49862.33
0.03,0.05,0.05,0.27,97.81,1.8,49864.67
0.03,0.05,0.04,0.27,97.82,1.8,49865.67
0.02,0.04,0.04,0.27,97.83,1.8,49866.67
0.02,0.04,0.04,0.27,97.84,1.8,49867.0
0.02,0.03,0.04,0.26,97.85,1.8,49868.33
0.02,0.03,0.04,0.26,97.85,1.8,49870.0
0.02,0.03,0.04,0.26,97.86,1.8,49871.33
0.02,0.03,0.04,0.26,97.87,1.8,49872.33
0.01,0.03,0.03,0.25,97.87,1.8,49873.0
0.01,0.03,0.03,0.25,97.88,1.8,49873.67
0.02,0.02,0.03,0.25,97.88,1.8,49875.0
0.01,0.02,0.03,0.25,97.89,1.8,49875.67
0.01,0.02,0.03,0.25,97.89,1.8,49876.67
0.01,0.02,0.02,0.24,97.9,1.8,49878.0
0.01,0.02,0.02,0.24,97.9,1.8,49878.67
0.01,0.02,0.02,0.24,97.91,1.8,49878.67
0.01,0.02,0.02,0.24,97.91,1.8,49879.67
0.01,0.02,0.02,0.24,97.92,1.8,49881.0
0.01,0.02,0.02,0.23,97.92,1.8,49883.0
0.01,0.01,0.02,0.23,97.92,1.8,49884.0
0.01,0.02,0.02,0.23,97.92,1.8,49885.33
0.02,0.02,0.01,0.23,97.93,1.8,49886.67
0.02,0.01,0.01,0.23,97.93,1.8,49887.33
0.02,0.01,0.01,0.22,97.93,1.8,49888.67
0.02,0.01,0.01,0.22,97.94,1.8,49889.67
0.01,0.01,0.01,0.22,97.94,1.8,49890.33
0.01,0.01,0.02,0.22,97.94,1.8,49891.33
0.01,0.01,0.01,0.22,97.94,1.8,49892.33
0.01,0.01,0.01,0.21,97.95,1.8,49894.0
0.02,0.01,0.01,0.21,97.95,1.8,49895.33
0.01,0.01,0.01,0.21,97.95,1.8,49895.67
0.01,0.01,0.01,0.21,97.95,1.8,49895.67
0.01,0.02,0.01,0.21,97.95,1.8,49895.67
0.01,0.02,0.01,0.21,97.95,1.8,49895.67
0.01,0.02,0.01,0.21,97.96,1.8,49895.67
0.0,0.01,0.01,0.21,97.96,1.8,49895.67
0.0,0.02,0.02,0.21,97.96,1.8,49895.67
0.0,0.01,0.01,0.21,97.96,1.8,49895.67
0.0,0.01,0.01,0.21,97.96,1.8,49895.67
0.0,0.01,0.01,0.21,97.97,1.8,49895.67
0.0,0.01,0.01,0.21,97.97,1.8,49895.67
0.0,0.01,0.01,0.21,97.97,1.8,49895.67
0.0,0.01,0.01,0.21,97.97,1.8,49895.67
0.0,0.0,0.01,0.21,97.97,1.8,49895.67
0.0,0.0,0.01,0.21,97.98,1.8,49895.67
0.0,0.0,0.01,0.21,97.98,1.8,49895.67
0.0,0.0,0.01,0.21,97.98,1.8,49895.67
0.0,0.0,0.01,0.21,97.98,1.8,49895.67
0.0,0.0,0.01,0.21,97.99,1.8,49895.67
0.0,0.0,0.0,0.21,97.99,1.8,49895.67
0.0,0.0,0.0,0.21,97.99,1.8,49895.67
0.0,0.0,0.0,0.21,97.99,1.8,49895.67
0.0,0.0,0.0,0.21,97.99,1.8,49895.67
0.0,0.0,0.0,0.21,97.99,1.8,49895.67
0.0,0.0,0.0,0.21,97.99,1.8,49895.67
0.0,0.0,0.0,0.21,97.99,1.8,49895.67
0.0,0.0,0.0,0.21,97.99,1.8,49895.67
0.0,0.0,0.0,0.21,97.99,1.8,49895.67
0.0,0.0,0.0,0.21,97.99,1.8,49895.67
0.0,0.0,0.0,0.21,97.99,1.8,49895.67
0.0,0.0,0.0,0.21,97.99,1.8,49895.67
0.0,0.0,0.0,0.21,97.99,1.8,49895.67
0.0,0.0,0.0,0.21,97.99,1.8,49895.67
0.0,0.0,0.0,0.21,97.99,1.8,49895.67
0.0,0.0,0.0,0.21,97.99,1.8,49895.67
0.0,0.0,0.0,0.21,97.99,1.8,49895.67
0.0,0.0,0.0,0.21,97.99,1.8,49895.67
0.0,0.0,0.0,0.21,97.99,1.8,49895.67
0.0,0.0,0.0,0.21,97.99,1.8,49895.67
0.0,0.0,0.0,0.21,97.99,1.8,49895.67
0.0,0.0,0.0,0.21,97.99,1.8,49895.67
0.0,0.0,0.0,0.21,97.99,1.8,49895.67
0.0,0.0,0.0,0.21,97.99,1.8,49895.67
0.0,0.0,0.0,0.21,97.99,1.8,49895.67
0.0,0.0,0.0,0.21,97.99,1.8,49895.67
0.0,0.0,0.0,0.21,97.99,1.8,49895.67
0.0,0.0,0.0,0.21,97.99,1.8,49895.67
0.0,0.0,0.0,0.21,97.99,1.8,49895.67
0.0,0.0,0.0,0.21,97.99,1.8,49895.67
0.0,0.0,0.0,0.21,97.99,1.8,49895.67
0.0,0.0,0.0,0.21,97.99,1.8,49895.67
0.0,0.0,0.0,0.21,97.99,1.8,49895.67
0.0,0.0,0.0,0.21,97.99,1.8,49895.67
0.0,0.0,0.0,0.21,97.99,1.8,49895.67
0.0,0.0,0.0,0.21,97.99,1.8,49895.67
0.0,0.0,0.0,0.21,97.99,1.8,49895.67
0.0,0.0,0.0,0.21,97.99,1.8,49895.67
0.0,0.0,0.0,0.21,97.99,1.8,49895.67
0.0,0.0,0.0,0.21,97.99,1.8,49895.67
0.0,0.0,0.0,0.21,97.99,1.8,49895.67
0.0,0.0,0.0,0.21,97.99,1.8,49895.67
0.0,0.0,0.0,0.21,97.99,1.8,49895.67
0.0,0.0,0.0,0.21,97.99,1.8,49895.67
0.0,0.0,0.0,0.21,97.99,1.8,49895.67
0.0,0.0,0.0,0.21,97.99,1.8,49895.67
0.0,0.0,0.0,0.21,97.99,1.8,49895.67
0.0,0.0,0.0,0.21,97.99,1.8,49895.67
0.0,0.0,0.0,0.21,97.99,1.8,49895.67
0.0,0.0,0.0,0.21,97.99,1.8,49895.67
0.0,0.0,0.0,0.21,97.99,1.8,49895.67
0.0,0.0,0.0,0.21,97.99,1.8,49895.67
0.0,0.0,0.0,0.21,97.99,1.8,49895.67
0.0,0.0,0.0,0.21,97.99,1.8,49895.67
0.0,0.0,0.0,0.21,97.99,1.8,49895.67
0.0,0.0,0.0,0.21,97.99,1.8,49895.67
0.0,0.0,0.0,0.21,97.99,1.8,49895.67
0.0,0.0,0.0,0.21,97.99,1.8,49895.67
0.0,0.0,0.0,0.21,97.99,1.8,49895.67
0.0,0.0,0.0,0.21,97.99,1.8,49895.67
0.0,0.0,0.0,0.21,97.99,1.8,49895.67
0.0,0.0,0.0,0.21,97.99,1.8,49895.67
0.0,0.0,0.0,0.21,97.99,1.8,49895.67
0.0,0.0,0.0,0.21,97.99,1.8,49895.67
0.0,0.0,0.0,0.21,97.99,1.8,49895.67
0.0,0.0,0.0,0.21,97.99,1.8,49895.67
0.0,0.0,0.0,0.21,97.99,1.8,49895.67
0.0,0.0,0.0,0.21,97.99,1.8,49895.67
0.0,0.0,0.0,0.21,97.99,1.8,49895.67
0.0,0.0,0.0,0.21,97.99,1.8,49895.67
0.0,0.0,0.0,0.21,97.99,1.8,49895.67
0.0,0.0,0.0,0.21,97.99,1.8,49895.67
0.0,0.0,0.0,0.21,97.99,1.8,49895.67
0.0,0.0,0.0,0.21,97.99,1.8,49895.67
0.0,0.0,0.0,0.21,97.99,1.8,49895.67
0.0,0.0,0.0,0.21,97.99,1.8,49895.67
0.0,0.0,0.0,0.21,97.99,1.8,49895.67
0.0,0.0,0.0,0.21,97.99,1.8,49895.67
0.0,0.0,0.0,0.21,97.99,1.8,49895.67
0.0,0.0,0.0,0.21,97.99,1.8,49895.67
0.0,0.0,0.0,0.21,97.99,1.8,49895.67
0.0,0.0,0.0,0.21,97.99,1.8,49895.67
0.0,0.0,0.0,0.21,97.99,1.8,49895.67
0.0,0.0,0.0,0.21,97.99,1.8,49895.67
0.0,0.0,0.0,0.21,97.99,1.8,49895.67
0.0,0.0,0.0,0.21,97.99,1.8,49895.67
0.0,0.0,0.0,0.21,97.99,1.8,49895.67
0.0,0.0,0.0,0.21,97.99,1.8,49895.67
0.0,0.0,0.0,0.21,97.99,1.8,49895.67
0.0,0.0,0.0,0.21,97.99,1.8,49895.67
0.0,0.0,0.0,0.21,97.99,1.8,49895.67
0.0,0.0,0.0,0.21,97.99,1.8,49895.67
0.0,0.0,0.0,0.21,97.99,1.8,49895.67
0.0,0.0,0.0,0.21,97.99,1.8,49895.67
0.0,0.0,0.0,0.21,97.99,1.8,49895.67
0.0,0.0,0.0,0.21,97.99,1.8,49895.67
0.0,0.0,0.0,0.21,97.99,1.8,49895.67
0.0,0.0,0.0,0.21,97.99,1.8,49895.67
0.0,0.0,0.0,0.21,97.99,1.8,49895.67
0.0,0.0,0.0,0.21,97.99,1.8,49895.67