incubando,i_mild,i_grave,susceptibles,recuperados,muertos,infectados_totales
0.08,0.0,0.0,99.92,0.0,0.0,41.0
0.19,0.0,0.0,99.81,0.0,0.0,95.67
0.3,0.0,0.0,99.7,0.0,0.0,149.33
0.4,0.0,0.0,99.6,0.0,0.0,200.67
0.53,0.0,0.0,99.47,0.0,0.0,266.0
0.67,0.0,0.0,99.33,0.0,0.0,333.0
0.79,0.0,0.0,99.21,0.0,0.0,397.0
0.85,0.06,0.03,99.07,0.0,0.0,466.33
0.92,0.13,0.06,98.89,0.0,0.0,557.0
0.98,0.21,0.09,98.72,0.0,0.0,641.67
1.05,0.28,0.12,98.55,0.0,0.0,723.33
1.11,0.38,0.15,98.36,0.0,0.0,820.33
1.16,0.47,0.19,98.18,0.0,0.0,912.33
1.23,0.56,0.23,97.98,0.0,0.0,1010.67
1.28,0.67,0.26,97.79,0.0,0.0,1105.67
1.31,0.8,0.31,97.58,0.0,0.0,1210.33
1.33,0.91,0.37,97.38,0.0,0.01,1308.0
1.42,0.96,0.42,97.13,0.06,0.01,1432.67
1.45,1.02,0.47,96.91,0.13,0.01,1547.0
1.52,1.07,0.53,96.66,0.21,0.01,1671.67
1.59,1.13,0.59,96.38,0.28,0.01,1807.67
1.67,1.18,0.64,96.11,0.38,0.01,1943.0
1.74,1.23,0.7,95.84,0.47,0.02,2078.33
1.84,1.27,0.76,95.54,0.56,0.02,2228.67
1.85,1.35,0.83,95.28,0.67,0.02,2360.0
1.91,1.39,0.88,94.99,0.8,0.02,2503.0
1.96,1.45,0.95,94.69,0.91,0.03,2653.67
1.97,1.54,1.02,94.41,1.02,0.03,2794.0
2.02,1.59,1.08,94.1,1.18,0.03,2951.33
2.08,1.66,1.12,93.76,1.34,0.04,3119.0
2.1,1.74,1.18,93.44,1.5,0.04,3279.33
2.16,1.8,1.22,93.12,1.66,0.04,3442.33
2.19,1.86,1.26,92.8,1.84,0.05,3597.67
2.22,1.94,1.3,92.47,2.02,0.05,3763.33
2.29,1.96,1.35,92.12,2.23,0.05,3938.0
2.34,1.99,1.42,91.76,2.44,0.05,4119.67
2.36,2.06,1.46,91.4,2.66,0.06,4299.0
2.41,2.09,1.49,91.03,2.91,0.07,4485.67
2.47,2.13,1.54,90.64,3.14,0.07,4679.0
2.56,2.15,1.57,90.25,3.4,0.07,4877.0
2.63,2.17,1.63,89.85,3.66,0.07,5076.0
2.68,2.22,1.66,89.45,3.91,0.08,5277.33
2.69,2.28,1.71,89.07,4.17,0.08,5464.67
2.72,2.32,1.75,88.68,4.45,0.08,5658.0
2.76,2.39,1.79,88.27,4.7,0.09,5864.0
2.78,2.45,1.84,87.86,4.98,0.09,6069.0
2.77,2.5,1.89,87.48,5.27,0.09,6260.0
2.76,2.55,1.93,87.08,5.57,0.1,6458.0
2.78,2.61,1.97,86.67,5.87,0.11,6665.33
2.81,2.66,1.98,86.26,6.17,0.12,6869.33
2.83,2.7,2.02,85.86,6.47,0.13,7071.0
2.83,2.75,2.05,85.45,6.8,0.13,7277.0
2.84,2.76,2.11,85.02,7.13,0.14,7487.67
2.86,2.77,2.14,84.62,7.46,0.15,7689.0
2.87,2.78,2.17,84.22,7.81,0.16,7892.0
2.86,2.8,2.21,83.81,8.16,0.16,8095.0
2.88,2.81,2.22,83.38,8.54,0.17,8310.67
2.91,2.82,2.25,82.94,8.9,0.18,8528.33
2.94,2.82,2.27,82.51,9.28,0.18,8747.0
2.98,2.85,2.29,82.04,9.64,0.19,8979.33
3.03,2.86,2.32,81.59,10.0,0.2,9205.0
3.06,2.85,2.34,81.16,10.39,0.21,9419.67
3.11,2.86,2.36,80.7,10.75,0.21,9647.67
3.12,2.89,2.39,80.25,11.12,0.22,9872.67
3.16,2.92,2.42,79.78,11.49,0.23,10109.33
3.17,2.96,2.42,79.33,11.88,0.23,10333.67
3.17,3.01,2.42,78.87,12.29,0.24,10566.0
3.19,3.06,2.43,78.4,12.67,0.25,10802.0
3.22,3.06,2.45,77.94,13.08,0.25,11029.0
3.25,3.08,2.46,77.46,13.49,0.26,11272.0
3.28,3.11,2.5,76.97,13.86,0.27,11514.67
3.26,3.16,2.53,76.52,14.26,0.27,11739.67
3.29,3.21,2.53,76.04,14.65,0.28,11979.33
3.31,3.25,2.52,75.55,15.08,0.29,12223.0
3.31,3.27,2.54,75.08,15.5,0.3,12458.67
3.33,3.25,2.56,74.61,15.94,0.3,12693.33
3.34,3.26,2.58,74.12,16.39,0.31,12942.33
3.3,3.29,2.59,73.67,16.83,0.32,13162.67
3.32,3.31,2.61,73.2,17.24,0.33,13398.67
3.34,3.32,2.62,72.71,17.68,0.33,13647.0
3.35,3.35,2.65,72.2,18.1,0.34,13897.67
3.36,3.35,2.67,71.72,18.54,0.36,14138.0
3.37,3.33,2.7,71.25,18.99,0.37,14376.67
3.35,3.36,2.72,70.76,19.44,0.37,14619.0
3.4,3.33,2.72,70.27,19.9,0.37,14863.67
3.41,3.34,2.74,69.79,20.34,0.38,15103.67
3.37,3.35,2.76,69.34,20.79,0.39,15330.0
3.3,3.35,2.78,68.9,21.26,0.4,15549.67
3.25,3.35,2.82,68.47,21.69,0.41,15764.33
3.23,3.35,2.82,68.02,22.16,0.42,15991.33
3.2,3.36,2.83,67.56,22.61,0.43,16218.67
3.14,3.38,2.83,67.13,23.08,0.44,16433.67
3.13,3.42,2.81,66.67,23.53,0.45,16666.67
3.14,3.39,2.83,66.2,23.99,0.45,16901.33
3.13,3.4,2.82,65.77,24.42,0.46,17116.67
3.13,3.38,2.8,65.35,24.87,0.47,17327.33
3.1,3.34,2.81,64.91,25.36,0.48,17542.67
3.09,3.3,2.8,64.47,25.84,0.49,17763.0
3.1,3.28,2.8,64.03,26.29,0.49,17984.0
3.07,3.27,2.8,63.59,26.76,0.5,18203.33
3.06,3.27,2.8,63.14,27.22,0.51,18432.0
3.05,3.22,2.78,62.72,27.71,0.52,18639.33
3.06,3.16,2.76,62.28,28.21,0.52,18859.67
3.07,3.13,2.74,61.85,28.68,0.53,19077.0
3.04,3.12,2.74,61.44,29.14,0.54,19282.33
3.02,3.11,2.74,61.01,29.57,0.54,19496.33
3.01,3.11,2.73,60.59,30.02,0.55,19707.33
2.95,3.1,2.73,60.18,30.47,0.56,19909.0
2.92,3.1,2.7,59.8,30.91,0.57,20100.33
2.88,3.08,2.66,59.4,31.4,0.57,20298.0
2.85,3.06,2.65,58.99,31.87,0.58,20504.33
2.85,3.05,2.63,58.59,32.29,0.59,20706.33
2.84,3.06,2.62,58.16,32.72,0.6,20918.0
2.83,3.05,2.63,57.75,33.14,0.6,21122.67
2.83,3.03,2.62,57.35,33.56,0.61,21325.0
2.86,2.99,2.62,56.94,33.97,0.62,21529.33
2.87,2.96,2.61,56.53,34.4,0.62,21735.33
2.86,2.94,2.6,56.13,34.84,0.63,21936.0
2.83,2.93,2.58,55.76,35.27,0.64,22120.0
2.77,2.92,2.56,55.39,35.71,0.65,22304.67
2.75,2.9,2.54,55.0,36.14,0.66,22498.0
2.74,2.9,2.53,54.61,36.56,0.66,22692.67
2.7,2.89,2.51,54.24,36.98,0.68,22879.67
2.67,2.88,2.5,53.86,37.4,0.69,23070.67
2.62,2.89,2.48,53.51,37.8,0.7,23246.0
2.62,2.89,2.46,53.14,38.19,0.7,23431.0
2.63,2.87,2.42,52.76,38.61,0.71,23617.67
2.64,2.85,2.41,52.37,39.02,0.72,23815.67
2.62,2.84,2.38,51.99,39.44,0.72,24004.33
2.61,2.77,2.39,51.63,39.86,0.73,24187.0
2.59,2.75,2.38,51.27,40.27,0.74,24365.33
2.62,2.72,2.35,50.89,40.68,0.75,24556.33
2.61,2.68,2.35,50.53,41.08,0.76,24737.0
2.61,2.67,2.32,50.16,41.49,0.76,24922.33
2.61,2.65,2.31,49.76,41.9,0.77,25120.0
2.61,2.65,2.31,49.38,42.27,0.78,25310.67
2.63,2.64,2.3,48.99,42.64,0.79,25503.0
2.65,2.61,2.3,48.62,43.03,0.79,25691.33
2.66,2.61,2.3,48.23,43.41,0.8,25884.67
2.69,2.61,2.29,47.84,43.77,0.8,26080.0
2.7,2.61,2.28,47.46,44.15,0.81,26270.67
2.66,2.63,2.29,47.1,44.51,0.81,26448.33
2.61,2.64,2.29,46.76,44.87,0.82,26618.0
2.58,2.64,2.29,46.41,45.26,0.82,26794.67
2.55,2.65,2.26,46.07,45.65,0.83,26966.33
2.5,2.67,2.25,45.73,46.01,0.84,27136.0
2.48,2.68,2.27,45.36,46.36,0.85,27320.0
2.46,2.7,2.28,45.0,46.71,0.85,27502.0
2.45,2.7,2.25,44.65,47.09,0.86,27673.33
2.48,2.67,2.25,44.29,47.45,0.87,27857.33
2.48,2.64,2.24,43.93,47.84,0.87,28032.67
2.47,2.61,2.23,43.6,48.21,0.88,28201.33
2.46,2.59,2.22,43.27,48.58,0.88,28366.0
2.41,2.57,2.22,42.95,48.96,0.89,28526.67
2.38,2.55,2.23,42.62,49.33,0.9,28690.0
2.36,2.5,2.21,42.29,49.73,0.9,28853.67
2.32,2.51,2.19,41.96,50.11,0.91,29018.0
2.29,2.49,2.17,41.64,50.49,0.92,29179.0
2.28,2.47,2.16,41.32,50.85,0.92,29341.33
2.26,2.48,2.14,41.01,51.19,0.93,29495.67
2.26,2.48,2.12,40.69,51.52,0.94,29654.33
2.24,2.46,2.11,40.38,51.86,0.95,29812.0
2.24,2.46,2.08,40.05,52.22,0.95,29974.0
2.22,2.43,2.06,39.74,52.58,0.96,30130.33
2.21,2.4,2.05,39.43,52.93,0.97,30285.0
2.18,2.39,2.06,39.14,53.26,0.98,30430.67
2.15,2.34,2.04,38.86,53.63,0.98,30571.0
2.14,2.31,2.01,38.55,53.99,0.99,30725.0
2.13,2.29,1.99,38.25,54.34,1.0,30875.0
2.12,2.28,2.0,37.94,54.67,1.0,31032.0
2.1,2.26,1.99,37.64,55.01,1.01,31181.0
2.09,2.26,1.96,37.34,55.34,1.01,31332.33
2.11,2.23,1.93,37.03,55.67,1.02,31483.67
2.11,2.19,1.92,36.75,56.0,1.03,31624.0
2.06,2.2,1.9,36.49,56.32,1.04,31754.0
2.04,2.19,1.87,36.21,56.65,1.04,31895.33
1.99,2.19,1.85,35.95,56.97,1.05,32026.67
1.93,2.17,1.85,35.7,57.28,1.06,32148.0
1.9,2.17,1.84,35.43,57.6,1.06,32283.0
1.85,2.16,1.83,35.18,57.91,1.06,32409.0
1.84,2.14,1.82,34.91,58.22,1.07,32543.67
1.84,2.1,1.81,34.65,58.52,1.07,32675.0
1.84,2.09,1.8,34.37,58.82,1.08,32813.33
1.84,2.08,1.79,34.11,59.1,1.08,32947.33
1.89,2.02,1.77,33.81,59.41,1.09,33094.0
1.88,1.99,1.75,33.56,59.73,1.1,33221.67
1.88,1.94,1.72,33.3,60.05,1.11,33349.0
1.86,1.93,1.71,33.05,60.34,1.11,33474.33
1.84,1.91,1.68,32.81,60.64,1.12,33595.33
1.81,1.88,1.68,32.56,60.94,1.12,33719.33
1.78,1.86,1.66,32.33,61.24,1.13,33836.0
1.71,1.88,1.67,32.11,61.51,1.13,33947.33
1.68,1.87,1.66,31.88,61.79,1.14,34062.0
1.65,1.85,1.66,31.65,62.04,1.14,34176.33
1.64,1.84,1.67,31.41,62.29,1.14,34295.67
1.64,1.83,1.65,31.17,62.55,1.15,34416.0
1.62,1.83,1.65,30.94,62.81,1.15,34530.67
1.63,1.79,1.64,30.7,63.09,1.16,34649.0
1.61,1.77,1.6,30.49,63.36,1.16,34753.33
1.6,1.74,1.59,30.27,63.64,1.16,34864.0
1.6,1.71,1.57,30.05,63.91,1.17,34975.0
1.58,1.69,1.55,29.82,64.18,1.17,35087.67
1.55,1.68,1.54,29.61,64.44,1.18,35193.0
1.58,1.68,1.52,29.36,64.68,1.18,35319.33
1.59,1.69,1.5,29.11,64.92,1.19,35446.0
1.6,1.66,1.5,28.89,65.16,1.19,35554.67
1.61,1.65,1.46,28.66,65.42,1.19,35667.67
1.63,1.64,1.46,28.42,65.65,1.2,35787.67
1.65,1.64,1.44,28.18,65.88,1.2,35910.33
1.66,1.63,1.43,27.96,66.11,1.21,36021.33
1.63,1.65,1.42,27.73,66.36,1.21,36135.0
1.59,1.63,1.43,27.51,66.61,1.22,36243.0
1.62,1.61,1.4,27.28,66.87,1.22,36362.33
1.63,1.61,1.39,27.03,67.1,1.23,36483.67
1.61,1.59,1.39,26.82,67.37,1.23,36592.33
1.56,1.63,1.37,26.62,67.59,1.24,36691.0
1.54,1.63,1.36,26.42,67.82,1.24,36792.0
1.51,1.63,1.35,26.22,68.04,1.25,36888.67
1.48,1.61,1.34,26.04,68.28,1.25,36981.0
1.44,1.64,1.35,25.83,68.48,1.26,37084.67
1.4,1.64,1.35,25.63,68.72,1.26,37183.67
1.38,1.62,1.34,25.43,68.95,1.26,37283.0
1.37,1.61,1.34,25.25,69.16,1.27,37376.0
1.34,1.58,1.34,25.07,69.39,1.27,37464.0
1.32,1.56,1.33,24.9,69.6,1.28,37550.33
1.31,1.52,1.33,24.73,69.83,1.28,37636.33
1.28,1.51,1.32,24.55,70.06,1.29,37723.0
1.24,1.49,1.32,24.39,70.27,1.29,37805.67
1.2,1.48,1.31,24.24,70.49,1.29,37881.33
1.17,1.43,1.31,24.08,70.71,1.3,37959.33
1.14,1.39,1.29,23.94,70.95,1.3,38032.33
1.11,1.34,1.28,23.79,71.17,1.3,38105.0
1.1,1.32,1.25,23.63,71.39,1.31,38187.33
1.08,1.32,1.23,23.47,71.59,1.31,38265.33
1.08,1.3,1.22,23.31,71.78,1.32,38343.67
1.08,1.28,1.17,23.16,71.99,1.32,38419.0
1.08,1.24,1.15,23.0,72.21,1.32,38500.0
1.12,1.2,1.13,22.82,72.4,1.32,38590.33
1.15,1.17,1.11,22.64,72.61,1.33,38682.33
1.16,1.16,1.09,22.46,72.8,1.33,38769.33
1.17,1.14,1.06,22.3,72.99,1.33,38851.67
1.19,1.14,1.04,22.12,73.17,1.34,38939.33
1.21,1.13,1.02,21.96,73.34,1.34,39021.67
1.19,1.12,1.01,21.81,73.53,1.34,39096.0
1.15,1.13,1.0,21.67,73.71,1.34,39167.0
1.12,1.16,0.99,21.51,73.87,1.35,39242.67
1.1,1.17,0.99,21.36,74.03,1.35,39320.33
1.08,1.18,0.98,21.21,74.19,1.35,39393.67
1.05,1.2,0.97,21.07,74.35,1.36,39463.33
1.02,1.2,0.96,20.94,74.52,1.36,39530.0
1.0,1.19,0.94,20.81,74.69,1.37,39595.33
0.98,1.19,0.93,20.69,74.85,1.37,39656.0
0.95,1.18,0.92,20.57,75.02,1.37,39716.33
0.92,1.16,0.92,20.44,75.18,1.38,39780.0
0.91,1.14,0.92,20.3,75.35,1.38,39849.0
0.91,1.11,0.91,20.16,75.53,1.38,39918.33
0.92,1.08,0.91,20.02,75.69,1.38,39988.33
0.92,1.06,0.9,19.89,75.84,1.38,40054.33
0.93,1.02,0.89,19.76,76.01,1.39,40121.33
0.94,0.99,0.89,19.63,76.17,1.39,40184.67
0.94,0.97,0.88,19.5,76.32,1.39,40250.67
0.93,0.97,0.88,19.37,76.46,1.4,40314.67
0.92,0.96,0.87,19.25,76.61,1.4,40376.0
0.91,0.96,0.88,19.12,76.74,1.4,40441.0
0.9,0.95,0.86,18.99,76.89,1.4,40504.33
0.89,0.95,0.85,18.86,77.04,1.4,40568.67
0.91,0.95,0.83,18.72,77.19,1.41,40637.67
0.89,0.95,0.82,18.61,77.33,1.41,40697.0
0.89,0.95,0.8,18.48,77.46,1.41,40761.67
0.89,0.95,0.8,18.36,77.59,1.41,40822.33
0.89,0.96,0.78,18.23,77.73,1.42,40887.33
0.88,0.95,0.78,18.12,77.87,1.42,40942.33
0.87,0.93,0.78,18.0,78.0,1.42,41002.33
0.84,0.94,0.78,17.89,78.14,1.42,41056.67
0.85,0.92,0.76,17.76,78.29,1.43,41120.67
0.83,0.92,0.75,17.64,78.43,1.43,41179.0
0.84,0.9,0.75,17.52,78.56,1.43,41242.33
0.81,0.89,0.76,17.41,78.69,1.43,41294.0
0.8,0.88,0.75,17.31,78.82,1.44,41344.0
0.8,0.89,0.75,17.2,78.93,1.44,41400.0
0.81,0.86,0.75,17.08,79.06,1.44,41460.67
0.81,0.86,0.75,16.95,79.19,1.44,41524.33
0.82,0.85,0.75,16.82,79.31,1.45,41590.67
0.8,0.85,0.74,16.71,79.44,1.45,41643.67
0.8,0.85,0.72,16.62,79.57,1.45,41692.0
0.8,0.83,0.71,16.51,79.69,1.45,41746.33
0.8,0.83,0.71,16.4,79.81,1.45,41802.33
0.79,0.84,0.71,16.29,79.92,1.45,41853.33
0.76,0.85,0.71,16.19,80.04,1.45,41905.0
0.72,0.86,0.71,16.1,80.16,1.45,41950.67
0.7,0.87,0.69,16.01,80.27,1.46,41996.0
0.71,0.84,0.69,15.91,80.39,1.46,42046.0
0.7,0.85,0.68,15.8,80.5,1.46,42097.67
0.69,0.82,0.67,15.7,80.64,1.47,42149.67
0.69,0.81,0.67,15.6,80.76,1.47,42200.33
0.68,0.81,0.67,15.51,80.86,1.47,42244.33
0.68,0.79,0.67,15.42,80.98,1.47,42290.67
0.69,0.75,0.66,15.32,81.11,1.47,42340.0
0.69,0.73,0.65,15.22,81.25,1.47,42391.33
0.69,0.71,0.64,15.12,81.37,1.47,42441.67
0.68,0.7,0.64,15.02,81.49,1.47,42488.67
0.69,0.71,0.63,14.91,81.59,1.47,42543.0
0.69,0.69,0.62,14.82,81.7,1.48,42587.67
0.68,0.67,0.62,14.73,81.81,1.48,42633.0
0.69,0.68,0.62,14.63,81.91,1.48,42683.33
0.69,0.68,0.63,14.53,82.0,1.48,42736.0
0.69,0.69,0.63,14.43,82.09,1.48,42785.33
0.68,0.7,0.62,14.34,82.18,1.48,42827.67
0.67,0.71,0.62,14.24,82.27,1.48,42878.33
0.67,0.69,0.62,14.15,82.38,1.48,42924.33
0.67,0.69,0.61,14.06,82.49,1.49,42970.0
0.66,0.68,0.61,13.98,82.59,1.49,43011.33
0.64,0.7,0.6,13.89,82.68,1.49,43055.67
0.63,0.72,0.59,13.8,82.76,1.49,43100.33
0.64,0.71,0.58,13.71,82.87,1.5,43146.0
0.64,0.72,0.57,13.6,82.97,1.5,43197.67
0.62,0.71,0.56,13.53,83.07,1.5,43233.67
0.61,0.71,0.56,13.45,83.17,1.5,43277.33
0.62,0.69,0.55,13.35,83.28,1.5,43323.0
0.63,0.7,0.54,13.26,83.37,1.5,43369.67
0.63,0.69,0.54,13.17,83.46,1.5,43416.33
0.62,0.69,0.53,13.09,83.57,1.5,43456.33
0.6,0.68,0.53,13.0,83.68,1.5,43498.0
0.61,0.65,0.53,12.93,83.78,1.51,43537.0
0.6,0.65,0.52,12.85,83.88,1.51,43577.33
0.6,0.64,0.52,12.76,83.97,1.51,43622.0
0.59,0.64,0.51,12.68,84.08,1.51,43662.33
0.57,0.64,0.52,12.59,84.17,1.51,43702.67
0.59,0.63,0.52,12.5,84.25,1.51,43749.67
0.59,0.63,0.51,12.41,84.34,1.51,43794.67
0.6,0.62,0.5,12.33,84.44,1.51,43836.33
0.6,0.61,0.51,12.25,84.53,1.52,43877.33
0.58,0.59,0.51,12.18,84.63,1.52,43912.33
0.57,0.61,0.5,12.1,84.7,1.52,43948.67
0.57,0.6,0.51,12.02,84.77,1.52,43987.67
0.54,0.6,0.51,11.96,84.86,1.53,44021.33
0.53,0.6,0.51,11.88,84.96,1.53,44058.33
0.51,0.59,0.51,11.81,85.04,1.53,44092.67
0.51,0.59,0.51,11.74,85.11,1.53,44130.67
0.51,0.58,0.51,11.67,85.2,1.54,44167.33
0.5,0.57,0.51,11.61,85.28,1.54,44196.67
0.48,0.56,0.52,11.55,85.35,1.54,44226.33
0.46,0.55,0.51,11.5,85.44,1.54,44252.33
0.44,0.54,0.5,11.44,85.53,1.54,44280.67
0.43,0.54,0.49,11.38,85.6,1.54,44308.33
0.42,0.53,0.48,11.32,85.7,1.55,44340.67
0.4,0.52,0.49,11.27,85.78,1.55,44366.33
0.4,0.51,0.48,11.21,85.86,1.55,44396.67
0.4,0.49,0.47,11.14,85.95,1.55,44428.33
0.42,0.48,0.45,11.07,86.02,1.55,44462.67
0.43,0.47,0.45,11.01,86.09,1.55,44497.0
0.44,0.46,0.45,10.94,86.16,1.55,44528.67
0.42,0.46,0.44,10.9,86.23,1.56,44551.67
0.42,0.44,0.43,10.84,86.31,1.56,44578.33
0.42,0.42,0.43,10.78,86.38,1.56,44608.67
0.42,0.41,0.42,10.72,86.46,1.56,44638.33
0.41,0.41,0.42,10.67,86.53,1.56,44666.33
0.4,0.42,0.41,10.61,86.6,1.56,44695.33
0.4,0.42,0.41,10.55,86.67,1.56,44726.33
0.42,0.42,0.39,10.48,86.73,1.57,44762.33
0.43,0.42,0.38,10.41,86.79,1.57,44793.33
0.42,0.43,0.37,10.36,86.85,1.57,44819.33
0.42,0.43,0.36,10.31,86.92,1.57,44846.0
0.41,0.43,0.35,10.26,86.98,1.57,44872.33
0.4,0.43,0.35,10.2,87.03,1.57,44897.67