incubando,i_mild,i_grave,susceptibles,recuperados,muertos,infectados_totales
0.01,0.0,0.0,99.99,0.0,0.0,4.0
0.02,0.0,0.0,99.98,0.0,0.0,8.33
0.02,0.0,0.0,99.98,0.0,0.0,11.67
0.03,0.0,0.0,99.97,0.0,0.0,14.67
0.04,0.0,0.0,99.96,0.0,0.0,19.0
0.05,0.0,0.0,99.95,0.0,0.0,23.67
0.06,0.0,0.0,99.94,0.0,0.0,28.33
0.06,0.0,0.0,99.93,0.0,0.0,33.67
0.06,0.01,0.01,99.92,0.0,0.0,38.33
0.07,0.01,0.01,99.91,0.0,0.0,44.33
0.08,0.02,0.01,99.9,0.0,0.0,52.33
0.08,0.02,0.01,99.88,0.0,0.0,57.67
0.09,0.03,0.02,99.86,0.0,0.0,68.0
0.09,0.03,0.02,99.85,0.0,0.0,72.67
0.1,0.04,0.02,99.84,0.0,0.0,81.67
0.1,0.05,0.03,99.82,0.0,0.0,90.0
0.11,0.06,0.03,99.8,0.0,0.0,97.67
0.11,0.07,0.04,99.79,0.0,0.0,105.33
0.11,0.07,0.04,99.77,0.01,0.0,112.67
0.11,0.08,0.05,99.75,0.01,0.0,122.67
0.12,0.08,0.05,99.74,0.02,0.0,131.0
0.12,0.09,0.05,99.72,0.02,0.0,141.67
0.13,0.1,0.05,99.69,0.03,0.0,154.67
0.14,0.1,0.06,99.67,0.03,0.0,166.0
0.16,0.1,0.06,99.63,0.04,0.0,183.0
0.16,0.11,0.07,99.61,0.05,0.0,194.0
0.17,0.11,0.07,99.59,0.06,0.0,206.67
0.18,0.11,0.08,99.56,0.07,0.0,219.33
0.18,0.12,0.08,99.53,0.08,0.0,233.67
0.2,0.12,0.09,99.49,0.1,0.0,254.0
0.2,0.13,0.09,99.46,0.11,0.0,268.33
0.19,0.14,0.1,99.44,0.12,0.0,280.33
0.19,0.14,0.1,99.42,0.14,0.0,290.33
0.2,0.15,0.11,99.39,0.15,0.0,304.67
0.19,0.16,0.11,99.37,0.17,0.0,316.33
0.19,0.17,0.12,99.35,0.18,0.0,327.0
0.17,0.18,0.13,99.32,0.2,0.0,339.0
0.17,0.19,0.13,99.3,0.21,0.0,351.0
0.17,0.2,0.12,99.27,0.23,0.01,363.67
0.18,0.2,0.13,99.24,0.25,0.01,380.33
0.18,0.2,0.13,99.21,0.27,0.01,393.0
0.19,0.19,0.13,99.18,0.3,0.01,409.67
0.2,0.19,0.13,99.15,0.32,0.01,427.0
0.2,0.19,0.14,99.12,0.34,0.01,440.33
0.2,0.19,0.14,99.1,0.36,0.01,452.0
0.2,0.19,0.14,99.07,0.39,0.01,464.0
0.2,0.19,0.15,99.04,0.42,0.01,478.33
0.2,0.18,0.15,99.02,0.45,0.01,491.0
0.2,0.18,0.15,98.99,0.47,0.01,507.33
0.2,0.19,0.16,98.95,0.49,0.01,524.67
0.21,0.19,0.16,98.91,0.52,0.01,544.67
0.23,0.19,0.16,98.86,0.54,0.01,567.67
0.25,0.19,0.15,98.82,0.57,0.01,588.33
0.26,0.2,0.15,98.78,0.59,0.01,608.0
0.29,0.2,0.15,98.73,0.61,0.02,635.0
0.29,0.21,0.16,98.69,0.64,0.02,654.67
0.29,0.21,0.16,98.66,0.67,0.02,671.67
0.29,0.22,0.16,98.62,0.7,0.02,689.33
0.28,0.23,0.17,98.59,0.73,0.02,707.33
0.28,0.23,0.17,98.54,0.75,0.02,729.33
0.29,0.24,0.18,98.5,0.78,0.02,751.0
0.28,0.27,0.18,98.45,0.8,0.02,773.0
0.28,0.28,0.19,98.41,0.83,0.02,796.67
0.29,0.28,0.19,98.36,0.85,0.02,818.67
0.3,0.28,0.2,98.32,0.88,0.02,838.33
0.3,0.28,0.21,98.29,0.91,0.02,857.0
0.29,0.29,0.21,98.25,0.94,0.02,874.67
0.29,0.29,0.21,98.21,0.98,0.02,897.0
0.29,0.29,0.21,98.17,1.02,0.02,917.33
0.28,0.29,0.22,98.13,1.06,0.02,937.33
0.28,0.29,0.23,98.08,1.1,0.02,960.0
0.29,0.28,0.23,98.03,1.14,0.02,985.67
0.3,0.27,0.23,97.99,1.18,0.02,1006.33
0.31,0.27,0.24,97.94,1.21,0.03,1028.0
0.3,0.28,0.25,97.9,1.24,0.03,1049.0
0.31,0.29,0.26,97.86,1.26,0.03,1070.33
0.31,0.29,0.26,97.82,1.3,0.03,1090.33
0.31,0.29,0.26,97.77,1.35,0.03,1113.67
0.3,0.29,0.26,97.73,1.39,0.03,1135.67
0.31,0.28,0.26,97.68,1.44,0.03,1160.0
0.31,0.29,0.26,97.63,1.48,0.03,1182.67
0.31,0.29,0.27,97.59,1.51,0.03,1203.67
0.32,0.29,0.27,97.54,1.55,0.03,1228.33
0.33,0.3,0.27,97.49,1.58,0.03,1255.33
0.33,0.3,0.27,97.44,1.62,0.03,1278.0
0.33,0.31,0.27,97.4,1.66,0.03,1302.0
0.33,0.31,0.27,97.35,1.71,0.04,1324.33
0.33,0.31,0.26,97.3,1.75,0.04,1349.0
0.33,0.31,0.26,97.26,1.8,0.04,1368.33
0.33,0.31,0.28,97.21,1.83,0.04,1393.33
0.32,0.32,0.28,97.17,1.88,0.04,1414.0
0.32,0.32,0.27,97.12,1.92,0.04,1437.67
0.33,0.33,0.27,97.07,1.96,0.04,1464.67
0.33,0.34,0.27,97.03,2.0,0.04,1487.33
0.33,0.34,0.27,96.97,2.05,0.04,1515.67
0.34,0.33,0.27,96.92,2.09,0.04,1539.67
0.33,0.33,0.28,96.88,2.14,0.04,1560.33
0.33,0.32,0.28,96.84,2.18,0.04,1581.0
0.33,0.32,0.28,96.79,2.23,0.04,1603.33
0.32,0.34,0.28,96.75,2.27,0.04,1624.0
0.31,0.34,0.27,96.72,2.32,0.04,1641.0
0.31,0.35,0.27,96.66,2.37,0.05,1668.33
0.3,0.35,0.27,96.62,2.42,0.05,1691.0
0.3,0.35,0.26,96.58,2.46,0.05,1709.0
0.3,0.34,0.26,96.54,2.51,0.05,1729.0
0.29,0.35,0.26,96.5,2.55,0.05,1749.0
0.3,0.35,0.26,96.45,2.59,0.05,1774.67
0.32,0.34,0.26,96.4,2.64,0.05,1802.0
0.32,0.34,0.27,96.35,2.68,0.05,1826.0
0.32,0.33,0.27,96.3,2.73,0.05,1850.0
0.33,0.32,0.26,96.25,2.78,0.05,1875.67
0.35,0.31,0.26,96.19,2.84,0.05,1904.33
0.35,0.3,0.25,96.15,2.9,0.05,1926.0
0.37,0.3,0.26,96.08,2.94,0.05,1957.67
0.37,0.31,0.26,96.03,2.98,0.05,1985.33
0.38,0.32,0.25,95.97,3.03,0.06,2015.0
0.39,0.32,0.26,95.91,3.07,0.06,2044.33
0.39,0.34,0.25,95.86,3.11,0.06,2071.33
0.4,0.34,0.26,95.8,3.15,0.06,2102.0
0.41,0.34,0.26,95.74,3.19,0.06,2130.33
0.41,0.36,0.26,95.68,3.23,0.06,2162.0
0.41,0.37,0.27,95.62,3.27,0.06,2191.33
0.41,0.38,0.28,95.56,3.31,0.06,2221.33
0.42,0.39,0.29,95.49,3.36,0.06,2254.0
0.43,0.38,0.3,95.43,3.41,0.06,2287.33
0.43,0.39,0.3,95.37,3.46,0.06,2316.67
0.42,0.39,0.31,95.31,3.5,0.06,2342.67
0.43,0.4,0.32,95.25,3.55,0.06,2377.0
0.45,0.4,0.32,95.17,3.6,0.06,2414.0
0.44,0.41,0.32,95.11,3.65,0.06,2443.0
0.43,0.41,0.32,95.06,3.71,0.06,2469.67
0.42,0.43,0.33,95.0,3.76,0.06,2499.0
0.42,0.43,0.33,94.94,3.81,0.07,2528.67
0.44,0.42,0.33,94.88,3.86,0.07,2562.0
0.44,0.44,0.34,94.81,3.91,0.07,2597.33
0.44,0.45,0.35,94.73,3.97,0.07,2633.0
0.45,0.45,0.35,94.67,4.02,0.07,2667.33
0.46,0.44,0.36,94.6,4.07,0.07,2699.67
0.47,0.44,0.36,94.53,4.13,0.07,2736.0
0.48,0.44,0.36,94.46,4.19,0.07,2769.33
0.47,0.44,0.37,94.4,4.25,0.07,2798.33
0.46,0.44,0.37,94.35,4.31,0.07,2825.0
0.44,0.44,0.38,94.29,4.37,0.07,2853.0
0.42,0.45,0.37,94.24,4.43,0.08,2879.0
0.41,0.46,0.37,94.19,4.49,0.08,2906.33
0.39,0.46,0.37,94.14,4.57,0.08,2930.33
0.37,0.47,0.37,94.09,4.62,0.08,2953.33
0.37,0.47,0.36,94.04,4.68,0.08,2982.0
0.37,0.46,0.36,93.98,4.74,0.09,3011.0
0.38,0.46,0.36,93.92,4.8,0.09,3042.33
0.38,0.45,0.36,93.86,4.85,0.09,3070.0
0.39,0.44,0.36,93.79,4.92,0.09,3103.67
0.42,0.43,0.36,93.72,4.98,0.09,3139.0
0.43,0.41,0.36,93.66,5.05,0.09,3169.67
0.44,0.4,0.36,93.6,5.11,0.09,3200.33
0.45,0.38,0.36,93.53,5.19,0.09,3233.67
0.45,0.38,0.36,93.46,5.26,0.09,3268.67
0.46,0.39,0.35,93.4,5.32,0.09,3302.0
0.46,0.4,0.35,93.33,5.37,0.09,3335.33
0.48,0.42,0.35,93.25,5.42,0.09,3376.67
0.49,0.42,0.35,93.17,5.47,0.09,3414.33
0.51,0.43,0.35,93.09,5.53,0.09,3453.33
0.53,0.44,0.35,93.0,5.59,0.09,3497.67
0.53,0.45,0.35,92.93,5.64,0.1,3535.33
0.54,0.46,0.35,92.85,5.7,0.1,3574.33
0.57,0.47,0.36,92.76,5.75,0.1,3619.67
0.58,0.48,0.36,92.67,5.81,0.1,3667.33
0.59,0.48,0.37,92.58,5.88,0.1,3711.33
0.59,0.49,0.38,92.51,5.94,0.1,3747.0
0.58,0.5,0.38,92.43,6.01,0.1,3787.0
0.59,0.52,0.38,92.34,6.07,0.1,3831.0
0.6,0.53,0.38,92.25,6.13,0.1,3873.0
0.6,0.55,0.4,92.16,6.19,0.1,3920.0
0.61,0.57,0.41,92.05,6.25,0.1,3974.0
0.64,0.58,0.42,91.93,6.32,0.11,4033.67
0.68,0.58,0.43,91.83,6.38,0.11,4086.67
0.71,0.58,0.43,91.71,6.46,0.11,4143.33
0.74,0.6,0.44,91.6,6.52,0.11,4199.0
0.75,0.6,0.46,91.5,6.58,0.11,4247.67
0.79,0.6,0.47,91.37,6.66,0.11,4315.67
0.82,0.62,0.48,91.23,6.74,0.11,4385.0
0.84,0.65,0.5,91.09,6.81,0.11,4453.67
0.87,0.66,0.51,90.96,6.89,0.11,4519.67
0.89,0.68,0.51,90.82,6.98,0.12,4590.0
0.92,0.7,0.52,90.69,7.06,0.12,4657.33
0.96,0.72,0.53,90.54,7.13,0.12,4728.33
0.97,0.76,0.55,90.39,7.2,0.12,4802.67
0.98,0.79,0.57,90.25,7.29,0.12,4877.0
0.98,0.82,0.59,90.11,7.38,0.12,4944.67
1.0,0.84,0.61,89.96,7.47,0.12,5020.33
1.02,0.87,0.62,89.8,7.56,0.13,5102.0
1.03,0.88,0.64,89.66,7.66,0.13,5171.33
1.03,0.91,0.66,89.51,7.76,0.13,5245.0
1.05,0.93,0.67,89.35,7.88,0.13,5326.67
1.05,0.96,0.68,89.19,7.98,0.13,5403.0
1.07,0.99,0.69,89.04,8.07,0.14,5479.67
1.07,1.0,0.71,88.89,8.19,0.14,5554.67
1.05,1.02,0.73,88.75,8.31,0.14,5626.33
1.06,1.04,0.74,88.6,8.42,0.14,5702.33
1.07,1.05,0.76,88.44,8.53,0.14,5780.0
1.05,1.05,0.79,88.3,8.67,0.14,5850.67
1.06,1.07,0.8,88.14,8.79,0.14,5932.0
1.06,1.08,0.8,87.98,8.93,0.15,6011.0
1.07,1.08,0.82,87.82,9.06,0.15,6088.33
1.09,1.07,0.83,87.66,9.2,0.16,6169.0
1.09,1.08,0.84,87.5,9.32,0.16,6248.67
1.09,1.09,0.84,87.35,9.46,0.16,6327.33
1.11,1.09,0.83,87.19,9.62,0.16,6404.0
1.11,1.09,0.84,87.03,9.76,0.17,6485.67
1.13,1.11,0.84,86.85,9.91,0.17,6576.33
1.13,1.11,0.84,86.7,10.06,0.17,6651.0
1.11,1.11,0.86,86.56,10.2,0.17,6722.0
1.09,1.11,0.86,86.41,10.35,0.17,6795.67
1.1,1.12,0.87,86.24,10.49,0.18,6877.67
1.11,1.13,0.87,86.08,10.63,0.18,6959.33
1.1,1.13,0.88,85.93,10.78,0.18,7035.0
1.07,1.15,0.88,85.78,10.94,0.18,7111.33
1.1,1.15,0.88,85.6,11.09,0.19,7201.0
1.1,1.14,0.88,85.45,11.24,0.19,7273.67
1.1,1.12,0.9,85.31,11.38,0.19,7344.33
1.1,1.12,0.9,85.15,11.54,0.19,7426.33
1.1,1.13,0.89,84.98,11.7,0.2,7511.0
1.14,1.12,0.9,84.79,11.85,0.2,7603.33
1.16,1.11,0.91,84.61,12.01,0.2,7693.0
1.15,1.12,0.91,84.45,12.16,0.21,7775.67
1.19,1.12,0.91,84.26,12.31,0.21,7869.0
1.22,1.08,0.9,84.09,12.49,0.21,7953.33
1.25,1.09,0.91,83.9,12.63,0.22,8049.33
1.29,1.12,0.92,83.69,12.76,0.22,8155.33
1.3,1.16,0.92,83.49,12.91,0.22,8254.33
1.34,1.17,0.93,83.27,13.06,0.22,8364.0
1.39,1.16,0.94,83.06,13.22,0.23,8470.0
1.41,1.19,0.94,82.85,13.37,0.23,8575.33
1.47,1.21,0.95,82.63,13.52,0.23,8686.67
1.5,1.21,0.96,82.4,13.69,0.24,8800.0
1.51,1.25,0.98,82.18,13.84,0.24,8911.67
1.53,1.3,0.99,81.96,13.98,0.24,9020.0
1.53,1.32,1.02,81.74,14.14,0.25,9131.33
1.54,1.35,1.03,81.52,14.3,0.25,9241.0
1.54,1.37,1.05,81.31,14.48,0.26,9343.67
1.56,1.4,1.06,81.07,14.65,0.26,9467.0
1.56,1.45,1.07,80.84,14.81,0.26,9578.33
1.55,1.48,1.1,80.63,14.99,0.26,9686.33
1.57,1.51,1.12,80.39,15.15,0.27,9806.67
1.6,1.53,1.14,80.14,15.32,0.27,9931.33
1.63,1.54,1.15,79.89,15.52,0.27,10056.0
1.68,1.53,1.18,79.64,15.7,0.28,10182.0
1.68,1.56,1.22,79.38,15.88,0.28,10308.33
1.7,1.56,1.23,79.15,16.08,0.29,10426.67
1.71,1.57,1.24,78.91,16.27,0.29,10543.33
1.71,1.57,1.26,78.67,16.48,0.3,10663.67
1.71,1.59,1.28,78.42,16.69,0.3,10787.67
1.74,1.61,1.3,78.14,16.9,0.31,10928.0
1.74,1.64,1.32,77.89,17.09,0.31,11052.67
1.74,1.66,1.36,77.65,17.29,0.31,11176.33
1.75,1.67,1.36,77.4,17.51,0.32,11300.67
1.78,1.69,1.37,77.13,17.7,0.32,11432.67
1.8,1.69,1.38,76.87,17.93,0.33,11562.67
1.8,1.71,1.37,76.62,18.16,0.33,11689.33
1.8,1.76,1.39,76.35,18.37,0.33,11826.67
1.84,1.77,1.4,76.06,18.6,0.34,11970.33
1.85,1.77,1.42,75.8,18.82,0.35,12101.33
1.86,1.76,1.43,75.54,19.06,0.35,12231.33
1.87,1.77,1.44,75.27,19.3,0.36,12367.0
1.87,1.8,1.43,75.0,19.53,0.37,12498.67
1.86,1.8,1.44,74.76,19.77,0.37,12618.33
1.85,1.84,1.45,74.5,19.98,0.37,12750.67
1.82,1.86,1.47,74.23,20.22,0.39,12882.67
1.83,1.86,1.48,73.97,20.47,0.39,13016.67
1.84,1.84,1.5,73.7,20.73,0.4,13151.0
1.82,1.86,1.51,73.45,20.97,0.4,13277.33
1.82,1.88,1.51,73.19,21.21,0.41,13407.33
1.84,1.87,1.5,72.92,21.45,0.42,13540.0
1.86,1.87,1.51,72.64,21.7,0.42,13680.33
1.86,1.86,1.51,72.38,21.96,0.43,13810.33
1.81,1.88,1.51,72.15,22.22,0.43,13922.67
1.79,1.87,1.52,71.9,22.48,0.43,14048.0
1.77,1.86,1.51,71.67,22.75,0.44,14162.67
1.74,1.85,1.53,71.44,22.99,0.44,14279.0
1.71,1.86,1.54,71.21,23.23,0.45,14393.0
1.67,1.86,1.55,70.97,23.5,0.46,14514.33
1.64,1.87,1.55,70.74,23.75,0.46,14630.33
1.64,1.85,1.55,70.52,23.99,0.46,14741.67
1.63,1.83,1.55,70.27,24.25,0.47,14862.67
1.63,1.81,1.54,70.04,24.5,0.47,14980.0
1.66,1.78,1.54,69.78,24.75,0.48,15110.0
1.7,1.75,1.53,69.52,25.02,0.49,15241.0
1.72,1.73,1.53,69.25,25.27,0.49,15374.0
1.75,1.71,1.51,68.99,25.53,0.5,15504.33
1.78,1.68,1.51,68.74,25.79,0.51,15631.33
1.78,1.66,1.5,68.5,26.06,0.51,15751.33
1.79,1.64,1.48,68.25,26.32,0.51,15873.33
1.79,1.68,1.48,67.99,26.54,0.52,16006.67
1.8,1.69,1.49,67.72,26.78,0.52,16140.67
1.79,1.72,1.49,67.47,27.01,0.53,16266.67
1.81,1.74,1.49,67.19,27.25,0.53,16407.0
1.85,1.76,1.48,66.89,27.48,0.54,16554.33
1.87,1.77,1.47,66.63,27.72,0.54,16685.0
1.87,1.78,1.47,66.38,27.95,0.55,16810.67
1.87,1.82,1.46,66.12,28.17,0.55,16942.33
1.87,1.83,1.47,65.85,28.42,0.56,17073.33
1.85,1.83,1.46,65.62,28.68,0.56,17191.33
1.82,1.84,1.48,65.36,28.93,0.57,17319.0
1.76,1.87,1.48,65.13,29.19,0.57,17433.0
1.72,1.85,1.49,64.91,29.45,0.57,17543.67
1.69,1.85,1.49,64.69,29.69,0.58,17654.0
1.65,1.86,1.5,64.47,29.94,0.59,17767.0
1.61,1.86,1.51,64.24,30.18,0.59,17880.67
1.57,1.85,1.52,64.04,30.42,0.59,17978.33
1.54,1.83,1.53,63.82,30.68,0.6,18089.0
1.52,1.82,1.51,63.61,30.93,0.6,18194.67
1.52,1.79,1.51,63.39,31.18,0.61,18305.0
1.51,1.76,1.51,63.19,31.43,0.61,18406.67
1.48,1.7,1.51,62.99,31.7,0.62,18506.67
1.45,1.68,1.51,62.79,31.95,0.62,18606.33
1.46,1.65,1.48,62.58,32.2,0.63,18707.67
1.45,1.62,1.46,62.37,32.47,0.63,18815.33
1.44,1.59,1.46,62.17,32.71,0.63,18915.0
1.42,1.6,1.44,61.97,32.93,0.64,19017.0
1.44,1.56,1.44,61.75,33.17,0.64,19125.67
1.46,1.52,1.43,61.53,33.41,0.65,19236.0
1.46,1.51,1.41,61.33,33.64,0.65,19337.33
1.46,1.5,1.39,61.13,33.88,0.65,19437.33
1.44,1.49,1.37,60.93,34.11,0.66,19533.0
1.42,1.47,1.36,60.75,34.35,0.66,19627.0
1.41,1.47,1.32,60.55,34.58,0.66,19723.0
1.39,1.47,1.31,60.36,34.8,0.67,19820.67
1.37,1.48,1.31,60.16,35.02,0.67,19922.0
1.35,1.46,1.29,59.98,35.26,0.67,20012.0
1.34,1.46,1.27,59.78,35.47,0.67,20108.0
1.35,1.46,1.25,59.59,35.68,0.68,20205.67
1.34,1.44,1.25,59.4,35.88,0.68,20298.67
1.36,1.42,1.24,59.19,36.09,0.69,20404.33
1.38,1.42,1.24,58.98,36.29,0.69,20509.0
1.38,1.43,1.22,58.78,36.49,0.7,20611.33
1.4,1.41,1.21,58.57,36.71,0.7,20714.0
1.41,1.38,1.22,58.37,36.91,0.7,20813.67
1.42,1.37,1.21,58.17,37.13,0.71,20914.0
1.4,1.35,1.21,58.0,37.33,0.71,21000.67
1.38,1.35,1.21,57.81,37.53,0.72,21094.33
1.36,1.37,1.2,57.62,37.72,0.72,21189.67
1.34,1.39,1.2,57.44,37.91,0.73,21280.0
1.32,1.39,1.21,57.25,38.1,0.73,21375.33
1.33,1.39,1.21,57.04,38.29,0.74,21478.0
1.32,1.39,1.19,56.86,38.5,0.75,21572.33
1.31,1.38,1.19,56.69,38.68,0.75,21656.67
1.3,1.38,1.19,56.52,38.87,0.75,21742.0
1.28,1.38,1.19,56.34,39.07,0.75,21829.67
1.28,1.38,1.18,56.16,39.25,0.75,21922.0
1.28,1.36,1.18,55.97,39.45,0.76,22017.0
1.25,1.35,1.19,55.79,39.65,0.76,22105.33
1.26,1.34,1.18,55.59,39.85,0.77,22203.67
1.3,1.33,1.18,55.38,40.04,0.77,22308.33
1.34,1.31,1.16,55.18,40.24,0.77,22411.33
1.36,1.29,1.16,54.98,40.43,0.78,22509.33
1.37,1.3,1.16,54.79,40.61,0.78,22605.0
1.35,1.3,1.16,54.62,40.78,0.79,22690.0
1.35,1.3,1.15,54.44,40.98,0.79,22778.0
1.34,1.32,1.14,54.26,41.16,0.79,22871.33
1.29,1.33,1.14,54.09,41.35,0.8,22955.67
1.26,1.33,1.14,53.92,41.55,0.8,23040.67
1.25,1.33,1.15,53.73,41.74,0.8,23135.67
1.22,1.34,1.15,53.57,41.91,0.81,23214.67
1.23,1.33,1.14,53.39,42.1,0.81,23305.0
1.24,1.33,1.13,53.2,42.29,0.82,23397.67