incubando,i_mild,i_grave,susceptibles,recuperados,muertos,infectados_totales
0.1,0.0,0.0,99.9,0.0,0.0,51.0
0.23,0.0,0.0,99.77,0.0,0.0,115.67
0.35,0.0,0.0,99.65,0.0,0.0,176.0
0.47,0.0,0.0,99.53,0.0,0.0,234.0
0.62,0.0,0.0,99.38,0.0,0.0,311.33
0.79,0.0,0.0,99.21,0.0,0.0,395.33
0.98,0.0,0.0,99.02,0.0,0.0,488.0
1.08,0.08,0.03,98.82,0.0,0.0,588.67
1.16,0.17,0.06,98.61,0.0,0.0,696.0
1.27,0.26,0.09,98.38,0.0,0.0,810.33
1.38,0.33,0.14,98.15,0.0,0.0,923.67
1.48,0.45,0.17,97.9,0.0,0.0,1052.0
1.58,0.56,0.23,97.63,0.0,0.0,1184.33
1.69,0.69,0.29,97.33,0.0,0.0,1335.0
1.8,0.83,0.35,97.03,0.0,0.0,1486.67
1.9,0.97,0.42,96.71,0.0,0.0,1645.67
1.98,1.13,0.49,96.4,0.0,0.0,1800.33
2.13,1.21,0.56,96.03,0.08,0.0,1987.33
2.23,1.3,0.63,95.67,0.17,0.01,2165.0
2.34,1.41,0.7,95.29,0.26,0.01,2353.67
2.44,1.55,0.78,94.89,0.33,0.01,2557.33
2.55,1.63,0.88,94.48,0.45,0.02,2761.33
2.67,1.76,0.95,94.04,0.56,0.02,2981.0
2.79,1.85,1.04,93.6,0.69,0.02,3197.67
2.84,1.98,1.14,93.19,0.83,0.02,3406.33
2.95,2.08,1.25,92.72,0.97,0.03,3641.0
3.06,2.19,1.35,92.24,1.13,0.03,3881.33
3.14,2.32,1.47,91.75,1.29,0.04,4125.67
3.22,2.44,1.55,91.26,1.49,0.04,4370.33
3.25,2.55,1.64,90.78,1.72,0.05,4608.33
3.35,2.65,1.72,90.26,1.97,0.05,4871.33
3.42,2.76,1.79,89.76,2.21,0.06,5117.67
3.49,2.85,1.89,89.23,2.48,0.06,5386.33
3.55,2.97,1.97,88.69,2.76,0.06,5657.0
3.61,3.06,2.04,88.14,3.08,0.07,5929.67
3.66,3.15,2.13,87.6,3.38,0.08,6201.33
3.73,3.2,2.21,87.05,3.72,0.09,6473.67
3.81,3.27,2.3,86.45,4.07,0.09,6775.67
3.88,3.3,2.39,85.88,4.44,0.1,7058.0
3.9,3.38,2.47,85.33,4.82,0.11,7335.0
3.93,3.45,2.56,84.76,5.2,0.11,7620.0
3.97,3.53,2.63,84.17,5.58,0.12,7913.67
4.06,3.58,2.68,83.54,6.01,0.13,8229.67
4.12,3.64,2.74,82.93,6.42,0.14,8533.67
4.12,3.71,2.83,82.33,6.86,0.15,8834.67
4.19,3.79,2.87,81.7,7.3,0.16,9151.67
4.28,3.87,2.91,81.05,7.72,0.17,9476.0
4.37,3.91,2.97,80.39,8.19,0.18,9805.33
4.45,4.0,3.01,79.72,8.63,0.19,10140.33
4.51,4.07,3.08,79.03,9.12,0.19,10486.0
4.56,4.13,3.11,78.37,9.63,0.2,10816.0
4.65,4.16,3.18,77.68,10.12,0.21,11161.33
4.68,4.21,3.27,77.02,10.61,0.22,11491.33
4.74,4.28,3.31,76.31,11.13,0.23,11846.33
4.8,4.33,3.35,75.59,11.69,0.25,12206.0
4.81,4.39,3.41,74.91,12.23,0.25,12544.0
4.82,4.47,3.47,74.21,12.76,0.27,12894.33
4.89,4.52,3.52,73.48,13.32,0.28,13260.0
4.94,4.58,3.57,72.74,13.9,0.28,13630.67
5.0,4.6,3.58,72.01,14.5,0.3,13993.67
5.05,4.65,3.65,71.26,15.08,0.31,14369.0
5.14,4.75,3.69,70.44,15.65,0.32,14777.67
5.24,4.79,3.74,69.67,16.24,0.32,15165.0
5.35,4.81,3.79,68.86,16.85,0.34,15570.0
5.38,4.85,3.85,68.1,17.47,0.35,15950.67
5.45,4.9,3.9,67.29,18.11,0.35,16356.67
5.52,4.93,3.97,66.49,18.72,0.37,16755.33
5.59,5.0,4.03,65.67,19.32,0.38,17165.0
5.59,5.09,4.11,64.86,19.96,0.39,17571.33
5.6,5.18,4.14,64.07,20.6,0.41,17964.0
5.58,5.27,4.18,63.28,21.26,0.43,18361.0
5.61,5.28,4.26,62.49,21.93,0.44,18757.0
5.6,5.38,4.31,61.69,22.58,0.45,19157.0
5.61,5.45,4.36,60.88,23.24,0.47,19559.0
5.55,5.49,4.43,60.12,23.92,0.48,19941.0
5.53,5.55,4.48,59.32,24.63,0.49,20338.0
5.53,5.58,4.53,58.54,25.31,0.51,20731.0
5.53,5.63,4.53,57.75,26.04,0.52,21126.33
5.53,5.62,4.55,56.96,26.81,0.53,21522.33
5.47,5.62,4.58,56.22,27.56,0.55,21890.0
5.46,5.6,4.64,55.42,28.32,0.56,22291.33
5.47,5.62,4.64,54.64,29.05,0.57,22678.33
5.39,5.61,4.66,53.93,29.81,0.59,23034.0
5.37,5.61,4.7,53.16,30.55,0.6,23418.0
5.37,5.6,4.72,52.38,31.31,0.62,23809.0
5.33,5.59,4.72,51.62,32.1,0.63,24189.33
5.32,5.57,4.73,50.9,32.84,0.64,24549.67
5.26,5.55,4.75,50.16,33.62,0.66,24920.67
5.17,5.52,4.77,49.47,34.4,0.67,25265.0
5.15,5.44,4.76,48.78,35.19,0.68,25609.67
5.07,5.43,4.75,48.09,35.96,0.7,25954.0
5.03,5.43,4.75,47.35,36.72,0.71,26322.67
4.99,5.41,4.75,46.63,37.5,0.73,26684.33
4.97,5.37,4.72,45.93,38.27,0.74,27034.67
4.9,5.34,4.69,45.26,39.05,0.76,27371.67
4.85,5.25,4.63,44.62,39.87,0.77,27689.67
4.82,5.2,4.62,43.96,40.61,0.79,28019.67
4.78,5.13,4.58,43.31,41.4,0.8,28344.0
4.7,5.1,4.59,42.66,42.13,0.82,28670.33
4.59,5.14,4.57,42.04,42.83,0.83,28981.67
4.52,5.07,4.54,41.41,43.61,0.85,29295.33
4.46,4.99,4.51,40.8,44.38,0.86,29602.0
4.44,4.91,4.47,40.18,45.12,0.88,29909.0
4.39,4.87,4.42,39.57,45.86,0.89,30216.67
4.35,4.81,4.38,38.96,46.59,0.91,30518.67
4.3,4.76,4.35,38.36,47.3,0.92,30821.33
4.3,4.74,4.32,37.74,47.97,0.93,31130.0
4.28,4.69,4.3,37.13,48.66,0.94,31433.0
4.25,4.62,4.23,36.54,49.39,0.96,31727.67
4.26,4.53,4.17,35.92,50.15,0.97,32037.67
4.27,4.47,4.14,35.3,50.84,0.98,32349.33
4.28,4.44,4.09,34.69,51.51,0.99,32657.0
4.26,4.41,4.04,34.09,52.18,1.01,32953.0
4.18,4.36,4.01,33.56,52.86,1.02,33218.33
4.09,4.33,3.98,33.05,53.52,1.04,33475.67
4.06,4.29,3.94,32.48,54.17,1.05,33759.0
3.97,4.29,3.92,31.95,54.79,1.07,34023.33
3.87,4.31,3.87,31.43,55.44,1.08,34286.33
3.8,4.31,3.84,30.89,56.07,1.09,34555.67
3.76,4.3,3.79,30.34,56.72,1.1,34832.33
3.75,4.25,3.74,29.82,57.33,1.11,35091.33
3.76,4.18,3.68,29.29,57.97,1.13,35357.0
3.7,4.14,3.64,28.78,58.59,1.14,35608.0
3.68,4.11,3.59,28.28,59.19,1.15,35862.0
3.62,4.05,3.57,27.81,59.79,1.16,36096.67
3.57,4.03,3.54,27.32,60.37,1.17,36339.33
3.5,3.98,3.5,26.83,61.01,1.18,36583.0
3.47,3.89,3.48,26.35,61.63,1.2,36826.67
3.44,3.81,3.45,25.84,62.25,1.21,37078.67
3.42,3.76,3.42,25.36,62.83,1.22,37317.67
3.37,3.74,3.37,24.9,63.38,1.23,37548.33
3.34,3.71,3.33,24.47,63.92,1.24,37765.0
3.3,3.65,3.31,24.03,64.47,1.25,37987.0
3.25,3.6,3.29,23.59,65.02,1.25,38206.33
3.19,3.58,3.23,23.16,65.57,1.26,38420.67
3.11,3.55,3.2,22.73,66.13,1.27,38633.0
3.03,3.5,3.16,22.33,66.69,1.28,38833.33
2.98,3.46,3.12,21.93,67.22,1.3,39036.0
2.96,3.41,3.07,21.51,67.75,1.3,39246.33
2.92,3.34,3.04,21.11,68.28,1.31,39446.67
2.86,3.3,2.99,20.72,68.8,1.33,39638.33
2.82,3.28,2.95,20.34,69.27,1.33,39828.67
2.75,3.25,2.91,19.99,69.75,1.34,40006.0
2.71,3.21,2.85,19.62,70.26,1.35,40190.67
2.7,3.14,2.84,19.23,70.74,1.36,40385.0
2.66,3.08,2.82,18.85,71.24,1.36,40576.67
2.6,3.04,2.77,18.51,71.72,1.37,40746.0
2.54,2.99,2.71,18.18,72.2,1.38,40910.67
2.5,2.94,2.66,17.84,72.66,1.39,41081.0
2.48,2.9,2.6,17.51,73.11,1.39,41244.67
2.43,2.85,2.58,17.19,73.56,1.4,41404.33
2.35,2.8,2.55,16.88,74.01,1.41,41557.67
2.25,2.76,2.53,16.6,74.45,1.42,41702.33
2.21,2.7,2.48,16.3,74.88,1.43,41849.67
2.16,2.65,2.44,16.01,75.3,1.44,41993.0
2.12,2.59,2.41,15.72,75.71,1.45,42140.0
2.09,2.51,2.36,15.42,76.15,1.46,42292.0
2.06,2.47,2.32,15.13,76.56,1.47,42434.33
2.05,2.41,2.28,14.84,76.96,1.47,42581.67
2.04,2.36,2.25,14.56,77.32,1.48,42720.67
2.0,2.3,2.19,14.3,77.72,1.48,42849.67
1.98,2.24,2.15,14.04,78.11,1.49,42982.33
1.95,2.18,2.13,13.77,78.48,1.49,43116.0
1.91,2.15,2.1,13.51,78.83,1.5,43246.67
1.88,2.14,2.06,13.25,79.16,1.5,43374.67
1.85,2.13,2.03,12.99,79.5,1.51,43504.67
1.82,2.09,1.98,12.74,79.85,1.52,43630.67
1.81,2.05,1.96,12.49,80.17,1.52,43756.67
1.79,2.02,1.93,12.24,80.49,1.53,43878.67
1.76,2.01,1.89,12.01,80.8,1.53,43995.33
1.72,2.0,1.86,11.78,81.1,1.54,44108.67
1.69,1.98,1.81,11.56,81.4,1.55,44217.67
1.63,1.96,1.78,11.36,81.72,1.55,44320.0
1.59,1.92,1.74,11.15,82.04,1.56,44424.33
1.55,1.88,1.71,10.94,82.35,1.57,44531.67
1.51,1.84,1.68,10.73,82.66,1.57,44633.33
1.47,1.8,1.65,10.54,82.96,1.58,44731.33
1.43,1.79,1.61,10.36,83.24,1.58,44821.33
1.4,1.75,1.58,10.16,83.52,1.59,44918.0
1.37,1.7,1.55,9.99,83.8,1.59,45006.67
1.32,1.66,1.53,9.83,84.06,1.6,45084.67
1.28,1.62,1.51,9.66,84.34,1.6,45172.33
1.24,1.59,1.48,9.49,84.59,1.61,45253.33
1.19,1.55,1.45,9.35,84.86,1.61,45327.0
1.16,1.5,1.41,9.2,85.12,1.62,45399.33
1.1,1.47,1.39,9.06,85.35,1.62,45470.33
1.07,1.44,1.36,8.91,85.59,1.63,45544.0
1.05,1.38,1.33,8.78,85.83,1.63,45609.0
1.0,1.35,1.3,8.66,86.06,1.64,45670.0
0.97,1.32,1.27,8.52,86.27,1.64,45739.0
0.95,1.29,1.24,8.39,86.49,1.64,45803.0
0.94,1.23,1.22,8.26,86.7,1.65,45868.0
0.91,1.18,1.21,8.15,86.91,1.65,45925.67
0.87,1.14,1.17,8.04,87.12,1.65,45980.33
0.85,1.1,1.14,7.93,87.32,1.66,46033.33
0.85,1.04,1.11,7.81,87.53,1.66,46096.33
0.83,1.01,1.07,7.69,87.73,1.66,46152.67
0.81,1.0,1.04,7.59,87.9,1.67,46205.67
0.78,0.96,1.02,7.49,88.08,1.67,46255.67
0.75,0.93,0.99,7.4,88.26,1.67,46302.0
0.74,0.89,0.97,7.3,88.43,1.67,46349.0
0.72,0.87,0.94,7.21,88.59,1.67,46393.0
0.68,0.87,0.91,7.13,88.74,1.68,46435.67
0.65,0.85,0.88,7.05,88.9,1.68,46475.33
0.61,0.83,0.86,6.97,89.03,1.68,46513.0
0.58,0.82,0.84,6.9,89.17,1.68,46547.67
0.56,0.79,0.81,6.84,89.32,1.69,46581.67
0.56,0.78,0.78,6.75,89.45,1.69,46627.0
0.53,0.75,0.75,6.68,89.59,1.69,46660.0
0.51,0.74,0.72,6.62,89.72,1.69,46691.67
0.51,0.73,0.69,6.54,89.83,1.7,46730.0
0.51,0.71,0.68,6.47,89.94,1.7,46766.67
0.5,0.65,0.66,6.4,90.08,1.7,46797.67
0.49,0.62,0.63,6.35,90.21,1.7,46826.67
0.46,0.62,0.61,6.29,90.32,1.7,46856.0
0.44,0.59,0.59,6.24,90.44,1.71,46879.0
0.42,0.57,0.57,6.19,90.54,1.71,46902.67
0.39,0.55,0.54,6.15,90.66,1.71,46926.0
0.35,0.54,0.52,6.11,90.76,1.71,46943.0
0.33,0.52,0.51,6.07,90.85,1.71,46962.67
0.32,0.5,0.49,6.03,90.95,1.72,46985.33
0.3,0.49,0.46,5.98,91.04,1.72,47008.0
0.3,0.48,0.44,5.94,91.11,1.72,47028.0
0.29,0.46,0.43,5.91,91.19,1.72,47046.67
0.28,0.43,0.41,5.87,91.29,1.72,47065.33
0.28,0.41,0.39,5.84,91.36,1.72,47081.0
0.27,0.39,0.37,5.81,91.44,1.72,47095.67
0.25,0.37,0.36,5.77,91.52,1.72,47112.67
0.25,0.34,0.36,5.74,91.59,1.72,47130.67
0.25,0.33,0.35,5.7,91.65,1.73,47150.67
0.24,0.31,0.34,5.67,91.71,1.73,47164.33
0.22,0.29,0.33,5.65,91.78,1.73,47176.67
0.21,0.28,0.32,5.63,91.83,1.73,47187.0
0.21,0.27,0.31,5.6,91.89,1.73,47198.67
0.19,0.26,0.3,5.58,91.94,1.73,47209.33
0.19,0.26,0.28,5.55,91.98,1.73,47223.33
0.17,0.27,0.27,5.53,92.03,1.74,47235.0
0.16,0.25,0.26,5.51,92.08,1.74,47245.33
0.15,0.24,0.24,5.49,92.13,1.74,47253.0
0.15,0.23,0.23,5.48,92.17,1.74,47261.67
0.14,0.22,0.22,5.46,92.22,1.74,47269.0
0.13,0.21,0.21,5.45,92.26,1.74,47274.67
0.12,0.21,0.2,5.44,92.29,1.74,47282.0
0.11,0.21,0.2,5.42,92.32,1.74,47288.67
0.09,0.19,0.19,5.41,92.36,1.74,47292.67
0.1,0.18,0.18,5.4,92.4,1.74,47301.33
0.09,0.16,0.18,5.38,92.44,1.74,47308.67
0.09,0.15,0.17,5.37,92.47,1.74,47314.33
0.09,0.14,0.17,5.36,92.5,1.74,47321.67
0.09,0.13,0.15,5.34,92.53,1.75,47328.33
0.09,0.13,0.14,5.33,92.56,1.75,47334.67
0.1,0.12,0.13,5.32,92.59,1.75,47341.67
0.09,0.11,0.12,5.3,92.62,1.75,47348.33
0.09,0.1,0.12,5.29,92.64,1.75,47354.0
0.09,0.1,0.11,5.28,92.67,1.75,47359.33
0.09,0.1,0.11,5.27,92.68,1.75,47367.33
0.09,0.1,0.1,5.25,92.71,1.75,47373.33
0.09,0.09,0.1,5.24,92.72,1.75,47380.33
0.09,0.1,0.1,5.22,92.74,1.75,47388.33
0.1,0.1,0.1,5.21,92.76,1.75,47396.67
0.1,0.09,0.09,5.19,92.77,1.75,47403.0
0.1,0.09,0.09,5.18,92.79,1.75,47408.67
0.1,0.09,0.09,5.17,92.8,1.75,47416.0
0.1,0.09,0.08,5.16,92.82,1.75,47422.33
0.09,0.09,0.08,5.15,92.84,1.75,47427.33
0.08,0.09,0.08,5.14,92.85,1.75,47430.0
0.07,0.09,0.08,5.13,92.87,1.75,47433.67
0.07,0.09,0.08,5.12,92.88,1.75,47438.67
0.07,0.09,0.08,5.11,92.89,1.75,47444.33
0.06,0.09,0.08,5.11,92.91,1.75,47446.0
0.06,0.1,0.08,5.1,92.92,1.75,47451.33
0.06,0.1,0.08,5.09,92.93,1.75,47455.0
0.06,0.09,0.08,5.08,92.94,1.75,47459.33
0.06,0.09,0.07,5.07,92.96,1.75,47464.0
0.06,0.09,0.07,5.06,92.97,1.75,47468.33
0.06,0.08,0.07,5.05,92.98,1.75,47473.67
0.07,0.08,0.07,5.04,92.99,1.75,47479.0
0.06,0.07,0.07,5.03,93.01,1.75,47483.67
0.06,0.07,0.07,5.03,93.02,1.75,47486.0
0.06,0.06,0.07,5.02,93.04,1.75,47487.67
0.05,0.06,0.07,5.02,93.05,1.75,47490.0
0.05,0.05,0.07,5.01,93.06,1.75,47493.0
0.04,0.06,0.07,5.01,93.07,1.75,47493.67
0.03,0.06,0.06,5.01,93.08,1.76,47493.67
0.02,0.06,0.06,5.01,93.09,1.76,47495.67
0.02,0.06,0.06,5.0,93.1,1.76,47498.33
0.02,0.06,0.05,5.0,93.11,1.76,47499.0
0.02,0.05,0.05,5.0,93.12,1.76,47502.0
0.02,0.05,0.05,4.99,93.13,1.76,47504.0
0.03,0.04,0.05,4.99,93.14,1.76,47506.67
0.03,0.04,0.05,4.98,93.15,1.76,47509.67
0.03,0.04,0.05,4.98,93.15,1.76,47511.33
0.03,0.03,0.05,4.97,93.16,1.76,47513.0
0.03,0.03,0.04,4.97,93.17,1.76,47513.0
0.02,0.02,0.04,4.97,93.18,1.76,47513.33
0.02,0.02,0.04,4.97,93.19,1.76,47514.0
0.02,0.02,0.04,4.97,93.19,1.76,47514.33
0.01,0.03,0.04,4.97,93.2,1.76,47514.67
0.01,0.03,0.03,4.97,93.21,1.76,47515.0
0.01,0.03,0.03,4.97,93.21,1.76,47516.33
0.01,0.03,0.03,4.97,93.21,1.76,47517.0
0.01,0.03,0.03,4.96,93.21,1.76,47518.33
0.01,0.02,0.03,4.96,93.22,1.76,47519.67
0.01,0.02,0.02,4.96,93.23,1.76,47520.0
0.01,0.02,0.02,4.96,93.23,1.76,47521.0
0.01,0.01,0.02,4.96,93.24,1.76,47521.67
0.01,0.01,0.02,4.96,93.24,1.76,47522.0
0.01,0.01,0.02,4.95,93.25,1.76,47523.67
0.01,0.01,0.02,4.95,93.25,1.76,47524.33
0.01,0.01,0.02,4.95,93.26,1.76,47525.67
0.01,0.01,0.02,4.95,93.26,1.76,47526.67
0.01,0.01,0.02,4.95,93.26,1.76,47527.33
0.01,0.01,0.02,4.94,93.26,1.76,47527.67
0.01,0.01,0.01,4.94,93.26,1.76,47528.33
0.01,0.01,0.02,4.94,93.26,1.76,47529.0
0.01,0.01,0.01,4.94,93.27,1.76,47529.33
0.01,0.01,0.01,4.94,93.27,1.76,47530.0
0.01,0.01,0.01,4.94,93.27,1.76,47530.67
0.01,0.01,0.01,4.94,93.27,1.76,47532.0
0.01,0.01,0.01,4.93,93.27,1.76,47532.67
0.01,0.01,0.01,4.93,93.28,1.76,47532.67
0.01,0.01,0.01,4.93,93.28,1.76,47534.33
0.01,0.01,0.01,4.93,93.28,1.76,47535.0
0.01,0.01,0.01,4.93,93.28,1.76,47535.33
0.01,0.01,0.01,4.93,93.28,1.76,47536.67
0.01,0.01,0.01,4.92,93.28,1.76,47537.67
0.01,0.01,0.01,4.92,93.29,1.76,47538.67
0.01,0.01,0.01,4.92,93.29,1.76,47539.0
0.01,0.01,0.01,4.92,93.29,1.76,47539.33
0.01,0.01,0.01,4.92,93.29,1.76,47539.33
0.01,0.01,0.01,4.92,93.29,1.76,47540.0
0.01,0.01,0.01,4.92,93.29,1.76,47540.67
0.01,0.01,0.01,4.92,93.3,1.76,47541.0
0.01,0.01,0.01,4.92,93.3,1.76,47541.33
0.0,0.01,0.01,4.92,93.3,1.76,47541.33
0.0,0.01,0.01,4.92,93.3,1.76,47541.33
0.0,0.01,0.01,4.92,93.3,1.76,47541.67
0.0,0.01,0.01,4.92,93.3,1.76,47541.67
0.0,0.01,0.01,4.92,93.3,1.76,47542.0
0.0,0.01,0.01,4.91,93.31,1.76,47542.67
0.0,0.01,0.01,4.91,93.31,1.76,47542.67
0.0,0.01,0.01,4.91,93.31,1.76,47542.67
0.0,0.01,0.01,4.91,93.31,1.76,47542.67
0.0,0.0,0.01,4.91,93.31,1.76,47542.67
0.0,0.0,0.01,4.91,93.31,1.76,47542.67
0.0,0.0,0.01,4.91,93.31,1.76,47542.67
0.0,0.0,0.01,4.91,93.32,1.76,47542.67
0.0,0.0,0.01,4.91,93.32,1.76,47542.67
0.0,0.0,0.01,4.91,93.32,1.76,47542.67
0.0,0.0,0.01,4.91,93.32,1.76,47542.67
0.0,0.0,0.0,4.91,93.32,1.76,47542.67
0.0,0.0,0.0,4.91,93.32,1.76,47542.67
0.0,0.0,0.0,4.91,93.32,1.76,47542.67
0.0,0.0,0.0,4.91,93.32,1.76,47542.67
0.0,0.0,0.0,4.91,93.32,1.76,47542.67
0.0,0.0,0.0,4.91,93.32,1.76,47542.67
0.0,0.0,0.0,4.91,93.32,1.76,47542.67
0.0,0.0,0.0,4.91,93.32,1.76,47542.67
0.0,0.0,0.0,4.91,93.32,1.76,47542.67
0.0,0.0,0.0,4.91,93.32,1.76,47542.67
0.0,0.0,0.0,4.91,93.32,1.76,47542.67
0.0,0.0,0.0,4.91,93.32,1.76,47542.67
0.0,0.0,0.0,4.91,93.32,1.76,47542.67
0.0,0.0,0.0,4.91,93.32,1.76,47542.67
0.0,0.0,0.0,4.91,93.33,1.76,47542.67