incubando,i_mild,i_grave,susceptibles,recuperados,muertos,infectados_totales
0.09,0.0,0.0,99.91,0.0,0.0,46.0
0.22,0.0,0.0,99.78,0.0,0.0,110.33
0.35,0.0,0.0,99.65,0.0,0.0,172.67
0.47,0.0,0.0,99.53,0.0,0.0,236.67
0.61,0.0,0.0,99.39,0.0,0.0,304.0
0.72,0.0,0.0,99.28,0.0,0.0,362.0
0.88,0.0,0.0,99.12,0.0,0.0,438.0
0.94,0.07,0.03,98.97,0.0,0.0,517.0
0.97,0.16,0.06,98.81,0.0,0.0,593.33
1.02,0.25,0.09,98.64,0.0,0.0,682.0
1.07,0.34,0.13,98.46,0.0,0.0,772.33
1.1,0.44,0.17,98.29,0.0,0.0,853.67
1.15,0.51,0.21,98.13,0.0,0.0,936.33
1.2,0.62,0.25,97.93,0.0,0.0,1035.67
1.22,0.73,0.31,97.75,0.0,0.0,1126.33
1.27,0.83,0.36,97.54,0.0,0.0,1229.67
1.33,0.96,0.4,97.3,0.0,0.0,1348.33
1.36,1.02,0.46,97.09,0.07,0.0,1454.0
1.43,1.03,0.51,96.86,0.16,0.0,1569.0
1.51,1.06,0.56,96.62,0.25,0.0,1690.67
1.56,1.1,0.62,96.37,0.34,0.01,1814.67
1.63,1.13,0.68,96.12,0.44,0.01,1942.33
1.69,1.19,0.75,95.85,0.51,0.01,2076.33
1.72,1.25,0.82,95.58,0.62,0.01,2209.33
1.76,1.29,0.88,95.33,0.73,0.01,2333.33
1.79,1.36,0.93,95.07,0.83,0.02,2465.67
1.79,1.4,1.0,94.83,0.96,0.02,2587.33
1.8,1.44,1.08,94.57,1.09,0.02,2716.67
1.81,1.5,1.13,94.3,1.22,0.03,2849.33
1.81,1.58,1.17,94.04,1.37,0.03,2982.33
1.81,1.64,1.22,93.77,1.53,0.03,3113.0
1.82,1.68,1.26,93.51,1.69,0.04,3245.33
1.82,1.72,1.3,93.25,1.87,0.04,3376.0
1.87,1.72,1.34,92.96,2.07,0.04,3520.0
1.91,1.75,1.38,92.66,2.26,0.05,3669.33
1.92,1.76,1.41,92.39,2.48,0.05,3807.0
1.94,1.77,1.44,92.1,2.7,0.06,3952.0
1.98,1.8,1.47,91.8,2.9,0.06,4101.67
1.96,1.81,1.49,91.55,3.13,0.07,4227.33
2.0,1.79,1.51,91.25,3.37,0.07,4376.0
2.01,1.81,1.54,90.95,3.61,0.08,4526.67
2.01,1.86,1.56,90.66,3.84,0.09,4672.0
2.02,1.85,1.6,90.36,4.07,0.09,4819.33
2.02,1.89,1.62,90.07,4.3,0.1,4962.67
2.02,1.93,1.64,89.77,4.54,0.1,5113.0
2.07,1.91,1.65,89.47,4.78,0.1,5263.0
2.05,1.93,1.7,89.2,5.02,0.11,5400.33
2.04,1.95,1.71,88.91,5.28,0.12,5547.0
2.07,1.97,1.7,88.58,5.55,0.12,5708.33
2.09,2.0,1.71,88.27,5.8,0.13,5863.0
2.11,2.0,1.72,87.96,6.08,0.13,6019.0
2.16,2.01,1.72,87.62,6.36,0.14,6191.0
2.17,2.05,1.72,87.31,6.62,0.14,6345.67
2.2,2.05,1.72,86.99,6.89,0.14,6502.67
2.23,2.04,1.73,86.67,7.18,0.15,6663.67
2.2,2.1,1.74,86.39,7.43,0.15,6807.0
2.19,2.13,1.75,86.09,7.7,0.15,6956.67
2.19,2.13,1.75,85.77,7.99,0.16,7115.67
2.15,2.15,1.79,85.47,8.27,0.16,7266.0
2.13,2.17,1.8,85.18,8.55,0.17,7410.67
2.11,2.19,1.8,84.89,8.84,0.17,7556.0
2.09,2.21,1.81,84.58,9.14,0.17,7708.67
2.13,2.2,1.8,84.26,9.44,0.18,7870.67
2.15,2.23,1.77,83.94,9.73,0.19,8029.33
2.14,2.25,1.77,83.63,10.02,0.19,8185.67
2.17,2.22,1.79,83.3,10.33,0.19,8349.33
2.23,2.21,1.78,82.95,10.62,0.2,8524.67
2.27,2.2,1.76,82.62,10.94,0.21,8690.0
2.29,2.19,1.77,82.29,11.25,0.21,8856.0
2.3,2.19,1.77,81.96,11.56,0.22,9019.67
2.3,2.19,1.78,81.64,11.87,0.23,9178.0
2.31,2.17,1.79,81.32,12.18,0.23,9339.33
2.3,2.2,1.81,81.0,12.46,0.24,9498.67
2.28,2.21,1.83,80.67,12.77,0.24,9663.33
2.28,2.21,1.86,80.34,13.06,0.24,9832.33
2.28,2.25,1.86,80.01,13.35,0.25,9995.67
2.29,2.27,1.86,79.67,13.65,0.25,10167.0
2.34,2.29,1.86,79.3,13.95,0.26,10347.67
2.36,2.3,1.87,78.97,14.25,0.26,10517.33
2.35,2.3,1.85,78.65,14.58,0.27,10673.67
2.35,2.3,1.87,78.32,14.88,0.27,10840.0
2.36,2.33,1.88,77.98,15.18,0.28,11010.67
2.38,2.33,1.88,77.63,15.49,0.28,11187.33
2.4,2.33,1.9,77.27,15.81,0.29,11364.67
2.38,2.36,1.93,76.92,16.1,0.3,11538.33
2.39,2.36,1.94,76.57,16.43,0.3,11714.67
2.44,2.35,1.92,76.22,16.76,0.31,11891.67
2.47,2.37,1.94,75.85,17.06,0.32,12073.33
2.48,2.39,1.95,75.5,17.36,0.32,12251.67
2.53,2.41,1.96,75.09,17.67,0.33,12453.0
2.55,2.43,1.98,74.72,17.99,0.33,12638.67
2.57,2.43,1.98,74.35,18.32,0.34,12823.67
2.6,2.46,1.98,73.97,18.65,0.35,13015.33
2.61,2.47,1.98,73.6,18.98,0.36,13197.67
2.61,2.48,1.98,73.24,19.33,0.36,13378.33
2.62,2.48,1.98,72.88,19.68,0.36,13560.67
2.58,2.54,2.0,72.51,20.0,0.37,13743.33
2.55,2.57,2.02,72.18,20.32,0.37,13911.33
2.55,2.59,2.03,71.8,20.65,0.38,14101.0
2.52,2.6,2.05,71.44,21.0,0.39,14277.67
2.51,2.61,2.07,71.09,21.32,0.39,14453.33
2.54,2.61,2.08,70.71,21.67,0.4,14646.67
2.53,2.61,2.09,70.35,22.02,0.41,14826.0
2.53,2.62,2.1,69.98,22.35,0.41,15008.33
2.55,2.6,2.1,69.63,22.71,0.42,15184.33
2.52,2.64,2.09,69.27,23.06,0.42,15362.67
2.54,2.61,2.09,68.91,23.44,0.42,15545.33
2.55,2.59,2.11,68.54,23.78,0.43,15730.33
2.54,2.58,2.14,68.17,24.14,0.43,15916.67
2.53,2.58,2.14,67.82,24.49,0.44,16089.67
2.53,2.57,2.16,67.45,24.84,0.45,16274.67
2.54,2.58,2.14,67.09,25.19,0.45,16453.0
2.55,2.56,2.16,66.73,25.54,0.46,16635.33
2.53,2.56,2.17,66.38,25.89,0.46,16811.0
2.55,2.58,2.17,65.99,26.24,0.47,17005.33
2.57,2.56,2.18,65.6,26.61,0.48,17202.0
2.59,2.55,2.18,65.23,26.97,0.49,17383.0
2.58,2.57,2.17,64.87,27.32,0.5,17564.33
2.57,2.55,2.17,64.52,27.68,0.5,17740.33
2.56,2.55,2.17,64.17,28.04,0.51,17913.33
2.57,2.55,2.16,63.81,28.4,0.52,18093.67
2.53,2.57,2.16,63.46,28.76,0.52,18270.0
2.51,2.61,2.16,63.08,29.11,0.53,18458.0
2.52,2.61,2.15,62.71,29.47,0.54,18642.67
2.53,2.6,2.15,62.34,29.84,0.55,18829.67
2.53,2.59,2.16,61.98,30.18,0.55,19007.67
2.55,2.58,2.17,61.62,30.52,0.56,19189.33
2.56,2.57,2.17,61.26,30.88,0.57,19371.33
2.55,2.58,2.17,60.91,31.22,0.57,19545.67
2.53,2.58,2.16,60.56,31.6,0.58,19722.0
2.52,2.59,2.18,60.19,31.93,0.58,19905.0
2.49,2.59,2.16,59.85,32.32,0.59,20073.33
2.48,2.57,2.16,59.51,32.7,0.59,20245.67
2.45,2.57,2.14,59.17,33.07,0.6,20412.67
2.42,2.58,2.15,58.84,33.41,0.61,20579.67
2.4,2.57,2.14,58.51,33.76,0.61,20743.33
2.37,2.59,2.13,58.18,34.11,0.62,20908.0
2.32,2.58,2.14,57.87,34.46,0.63,21066.33
2.32,2.56,2.14,57.53,34.81,0.63,21234.0
2.29,2.55,2.13,57.21,35.17,0.64,21393.0
2.27,2.53,2.13,56.9,35.52,0.64,21549.0
2.24,2.49,2.12,56.6,35.9,0.65,21701.67
2.24,2.45,2.11,56.27,36.27,0.66,21864.0
2.22,2.41,2.1,55.96,36.64,0.66,22020.33
2.24,2.38,2.1,55.63,36.99,0.67,22186.33
2.21,2.37,2.08,55.32,37.34,0.68,22338.33
2.18,2.36,2.05,55.04,37.68,0.69,22482.0
2.18,2.33,2.04,54.72,38.04,0.7,22638.33
2.19,2.31,2.02,54.41,38.37,0.7,22794.67
2.16,2.29,2.01,54.11,38.71,0.71,22943.33
2.15,2.28,2.0,53.81,39.05,0.72,23095.67
2.12,2.27,1.99,53.51,39.39,0.72,23245.33
2.11,2.25,1.99,53.21,39.71,0.73,23393.33
2.1,2.23,1.98,52.93,40.03,0.73,23533.0
2.08,2.23,1.97,52.65,40.34,0.74,23676.33
2.05,2.2,1.96,52.36,40.68,0.74,23819.67
2.05,2.19,1.94,52.07,41.01,0.75,23966.0
2.01,2.18,1.93,51.79,41.33,0.75,24103.0
2.02,2.17,1.89,51.49,41.66,0.76,24253.67
2.03,2.16,1.88,51.18,41.99,0.77,24409.33
2.04,2.14,1.86,50.9,42.3,0.77,24551.33
2.04,2.12,1.84,50.6,42.62,0.78,24698.33
2.04,2.1,1.83,50.32,42.92,0.78,24842.0
2.03,2.11,1.82,50.03,43.22,0.79,24982.67
2.04,2.08,1.79,49.76,43.54,0.8,25121.33
2.01,2.07,1.79,49.48,43.84,0.8,25258.33
1.96,2.07,1.79,49.22,44.15,0.81,25390.67
1.96,2.05,1.79,48.94,44.44,0.82,25529.33
1.94,2.04,1.79,48.66,44.74,0.82,25668.33
1.92,2.05,1.78,48.39,45.03,0.83,25803.0
1.92,2.04,1.78,48.12,45.32,0.83,25940.33
1.91,2.03,1.76,47.84,45.61,0.84,26078.33
1.93,2.03,1.74,47.55,45.9,0.84,26222.67
1.95,2.01,1.73,47.27,46.2,0.85,26364.0
1.94,2.01,1.73,47.0,46.47,0.85,26499.33
1.93,2.0,1.71,46.73,46.76,0.86,26634.33
1.94,1.97,1.7,46.46,47.07,0.86,26770.67
1.94,1.97,1.7,46.18,47.34,0.87,26911.67
1.93,1.98,1.67,45.91,47.63,0.88,27043.67
1.93,1.97,1.67,45.63,47.92,0.88,27185.67
1.92,1.98,1.66,45.35,48.2,0.89,27325.67
1.9,1.97,1.66,45.11,48.47,0.9,27447.33
1.89,1.97,1.66,44.84,48.74,0.9,27581.0
1.87,1.97,1.66,44.59,49.0,0.91,27705.67
1.83,1.98,1.66,44.34,49.27,0.91,27828.0
1.83,1.96,1.66,44.08,49.55,0.92,27958.33
1.8,1.96,1.66,43.83,49.83,0.92,28084.0
1.77,1.97,1.65,43.58,50.11,0.93,28210.67
1.78,1.93,1.63,43.32,50.4,0.93,28338.67
1.76,1.92,1.61,43.08,50.69,0.94,28459.67
1.75,1.89,1.61,42.84,50.97,0.94,28580.0
1.75,1.87,1.6,42.6,51.24,0.95,28702.0
1.73,1.87,1.59,42.35,51.5,0.95,28824.0
1.72,1.87,1.57,42.11,51.77,0.96,28945.0
1.7,1.85,1.57,41.88,52.05,0.96,29062.0
1.68,1.84,1.56,41.64,52.31,0.96,29179.0
1.68,1.83,1.55,41.4,52.57,0.97,29300.33
1.67,1.8,1.55,41.17,52.85,0.97,29413.0
1.63,1.79,1.55,40.96,53.09,0.97,29518.0
1.6,1.77,1.56,40.75,53.34,0.98,29624.67
1.59,1.76,1.55,40.52,53.6,0.98,29738.67
1.57,1.75,1.53,40.31,53.85,0.99,29845.33
1.57,1.72,1.53,40.08,54.12,1.0,29961.67
1.53,1.72,1.5,39.87,54.38,1.0,30063.33
1.53,1.7,1.48,39.65,54.64,1.01,30176.33
1.54,1.66,1.47,39.43,54.9,1.01,30287.0
1.53,1.64,1.45,39.22,55.14,1.02,30391.33
1.52,1.62,1.44,39.0,55.4,1.02,30500.33
1.52,1.61,1.41,38.79,55.64,1.03,30605.33
1.47,1.6,1.42,38.6,55.88,1.03,30699.0
1.47,1.57,1.42,38.4,56.11,1.03,30799.0
1.44,1.56,1.42,38.21,56.34,1.03,30896.67
1.43,1.55,1.41,37.99,56.58,1.04,31003.33
1.44,1.52,1.4,37.77,56.82,1.04,31112.67
1.41,1.52,1.39,37.59,57.04,1.05,31206.67
1.39,1.52,1.38,37.4,57.25,1.06,31301.67
1.41,1.5,1.36,37.19,57.47,1.06,31406.33
1.41,1.51,1.34,36.99,57.69,1.06,31506.33
1.42,1.48,1.33,36.79,57.91,1.07,31606.33
1.39,1.48,1.31,36.6,58.15,1.07,31699.33
1.36,1.48,1.32,36.42,58.35,1.07,31791.67
1.35,1.47,1.29,36.23,58.57,1.08,31883.67
1.36,1.46,1.28,36.03,58.79,1.08,31983.33
1.34,1.46,1.26,35.84,59.0,1.09,32078.33
1.35,1.44,1.26,35.64,59.23,1.09,32179.33
1.34,1.44,1.24,35.45,59.44,1.1,32276.0
1.33,1.43,1.24,35.27,59.63,1.1,32366.0
1.32,1.41,1.23,35.09,59.84,1.1,32453.33
1.31,1.4,1.21,34.92,60.05,1.11,32539.0
1.27,1.39,1.21,34.77,60.26,1.11,32616.33
1.24,1.38,1.19,34.61,60.47,1.12,32697.33
1.19,1.38,1.19,34.45,60.67,1.12,32776.67
1.17,1.37,1.17,34.28,60.88,1.12,32858.67
1.15,1.34,1.17,34.12,61.1,1.13,32941.33
1.15,1.32,1.16,33.94,61.3,1.13,33029.33
1.12,1.31,1.15,33.8,61.49,1.13,33101.33
1.12,1.28,1.14,33.65,61.68,1.13,33176.0
1.12,1.27,1.13,33.49,61.86,1.14,33257.0
1.11,1.26,1.13,33.34,62.02,1.14,33329.67
1.08,1.23,1.12,33.2,62.23,1.14,33399.0
1.06,1.22,1.1,33.06,62.42,1.14,33471.67
1.04,1.21,1.08,32.9,62.62,1.15,33547.67
1.05,1.17,1.08,32.74,62.81,1.15,33628.33
1.06,1.15,1.07,32.59,62.98,1.15,33704.33
1.05,1.14,1.06,32.43,63.16,1.15,33782.67
1.07,1.11,1.06,32.27,63.33,1.16,33863.67
1.07,1.11,1.04,32.13,63.49,1.16,33935.67
1.08,1.1,1.02,31.98,63.66,1.16,34010.33
1.07,1.1,1.01,31.84,63.83,1.17,34081.0
1.06,1.1,0.99,31.68,64.0,1.17,34159.0
1.04,1.08,0.98,31.55,64.18,1.17,34226.0
1.03,1.06,0.98,31.41,64.35,1.18,34296.0
1.01,1.08,0.97,31.27,64.51,1.18,34366.67
1.01,1.07,0.95,31.12,64.67,1.18,34442.33
1.01,1.06,0.93,30.97,64.84,1.18,34516.0
1.01,1.07,0.92,30.83,64.98,1.19,34585.33
1.0,1.08,0.92,30.68,65.13,1.19,34658.0
1.01,1.06,0.91,30.54,65.28,1.2,34729.67
1.01,1.05,0.91,30.4,65.43,1.2,34801.0
1.02,1.02,0.91,30.24,65.6,1.2,34877.67
1.02,1.03,0.91,30.09,65.74,1.2,34954.0
1.02,1.03,0.91,29.95,65.89,1.2,35026.0
1.03,1.01,0.91,29.8,66.05,1.2,35100.33
1.03,1.01,0.9,29.65,66.2,1.21,35173.33
1.04,1.0,0.9,29.5,66.35,1.21,35249.33
1.05,1.0,0.9,29.35,66.49,1.21,35324.33
1.04,0.99,0.9,29.21,66.65,1.21,35395.33
1.02,1.01,0.91,29.07,66.77,1.21,35465.67
1.02,1.02,0.91,28.93,66.91,1.22,35536.33
1.01,1.03,0.91,28.79,67.04,1.22,35607.0
1.02,1.02,0.91,28.64,67.19,1.22,35682.0
1.0,1.03,0.91,28.5,67.34,1.22,35751.0
1.0,1.03,0.9,28.35,67.49,1.23,35824.0
1.0,1.03,0.89,28.21,67.64,1.23,35893.67
0.98,1.03,0.89,28.09,67.77,1.23,35957.33
0.98,1.03,0.9,27.95,67.91,1.23,36025.0
0.97,1.02,0.9,27.81,68.05,1.24,36093.33
0.97,1.02,0.9,27.66,68.2,1.24,36168.33
0.96,1.02,0.89,27.54,68.35,1.25,36231.33
0.95,1.02,0.89,27.4,68.49,1.25,36301.0
0.94,1.02,0.88,27.28,68.64,1.25,36361.33
0.95,1.0,0.87,27.14,68.79,1.25,36430.0
0.95,1.0,0.86,27.0,68.94,1.26,36500.33
0.95,1.01,0.84,26.87,69.07,1.26,36566.67
0.91,1.02,0.84,26.75,69.21,1.26,36624.67
0.91,1.02,0.83,26.63,69.35,1.26,36685.67
0.89,1.02,0.82,26.51,69.49,1.27,36746.67
0.89,1.01,0.8,26.39,69.64,1.27,36805.67
0.87,1.0,0.8,26.27,69.78,1.27,36864.0
0.83,1.0,0.8,26.16,69.93,1.27,36917.67
0.83,0.99,0.8,26.04,70.08,1.27,36980.67
0.82,0.98,0.79,25.93,70.2,1.28,37035.0
0.82,0.96,0.78,25.81,70.35,1.28,37095.0
0.82,0.93,0.78,25.69,70.5,1.28,37155.67
0.81,0.91,0.76,25.58,70.66,1.28,37211.67
0.8,0.9,0.76,25.47,70.79,1.29,37265.67
0.81,0.88,0.74,25.36,70.93,1.29,37322.33
0.8,0.88,0.73,25.24,71.06,1.29,37379.0
0.8,0.86,0.72,25.13,71.2,1.29,37434.67
0.78,0.84,0.72,25.03,71.34,1.29,37487.33
0.77,0.84,0.71,24.92,71.46,1.3,37542.0
0.78,0.84,0.71,24.8,71.58,1.3,37600.33
0.77,0.83,0.7,24.7,71.7,1.3,37649.0
0.75,0.83,0.69,24.6,71.81,1.3,37699.0
0.73,0.83,0.69,24.51,71.93,1.31,37746.33
0.71,0.83,0.69,24.42,72.05,1.31,37790.33
0.7,0.82,0.69,24.32,72.16,1.31,37838.67
0.69,0.8,0.69,24.23,72.28,1.31,37887.33
0.66,0.81,0.69,24.14,72.39,1.31,37928.33
0.64,0.79,0.68,24.06,72.51,1.31,37969.67
0.63,0.77,0.67,23.98,72.64,1.31,38011.67
0.62,0.76,0.66,23.89,72.76,1.32,38054.0
0.61,0.74,0.65,23.81,72.87,1.32,38097.0
0.6,0.72,0.65,23.73,72.98,1.32,38137.33
0.59,0.71,0.64,23.63,73.11,1.33,38184.67
0.6,0.68,0.63,23.54,73.22,1.33,38230.33
0.61,0.66,0.63,23.45,73.32,1.33,38273.0
0.6,0.65,0.62,23.38,73.42,1.33,38312.0
0.6,0.63,0.61,23.29,73.54,1.34,38354.67
0.6,0.62,0.6,23.21,73.64,1.34,38396.33
0.61,0.61,0.59,23.12,73.74,1.34,38442.0
0.61,0.61,0.59,23.02,73.83,1.34,38490.0
0.6,0.62,0.58,22.94,73.92,1.34,38529.67
0.6,0.62,0.57,22.85,74.01,1.34,38575.33
0.61,0.6,0.57,22.77,74.11,1.34,38617.0
0.62,0.6,0.57,22.67,74.19,1.34,38662.67
0.61,0.6,0.57,22.6,74.28,1.35,38702.33
0.6,0.6,0.57,22.52,74.37,1.35,38742.0
0.58,0.61,0.55,22.44,74.46,1.35,38779.67
0.58,0.6,0.55,22.36,74.55,1.35,38820.0
0.56,0.61,0.55,22.29,74.64,1.35,38855.67
0.55,0.6,0.54,22.22,74.74,1.36,38892.33
0.54,0.59,0.54,22.14,74.83,1.36,38931.67
0.54,0.59,0.54,22.05,74.92,1.36,38973.67
0.55,0.59,0.53,21.97,75.0,1.36,39016.0
0.55,0.59,0.53,21.89,75.09,1.36,39055.0
0.54,0.59,0.53,21.82,75.16,1.36,39092.33
0.55,0.58,0.52,21.74,75.25,1.36,39129.67
0.55,0.55,0.52,21.67,75.35,1.37,39166.67
0.55,0.56,0.51,21.59,75.42,1.37,39207.33
0.54,0.55,0.51,21.51,75.51,1.37,39244.67
0.53,0.56,0.51,21.44,75.59,1.37,39282.0
0.53,0.54,0.53,21.36,75.68,1.37,39318.67
0.52,0.52,0.53,21.29,75.76,1.37,39352.67
0.51,0.53,0.52,21.24,75.83,1.38,39382.33
0.5,0.53,0.52,21.17,75.9,1.38,39416.33
0.49,0.53,0.51,21.09,75.99,1.38,39453.67
0.49,0.54,0.5,21.02,76.07,1.38,39490.0
0.49,0.54,0.49,20.94,76.15,1.38,39528.0
0.5,0.54,0.49,20.87,76.23,1.38,39567.33
0.5,0.53,0.48,20.8,76.31,1.38,39601.0
0.51,0.5,0.48,20.72,76.4,1.38,39639.33
0.52,0.5,0.48,20.65,76.46,1.39,39677.33
0.52,0.51,0.48,20.58,76.53,1.39,39712.33
0.51,0.5,0.48,20.51,76.61,1.39,39746.0
0.5,0.51,0.47,20.44,76.69,1.39,39779.33
0.49,0.5,0.47,20.37,76.77,1.39,39814.0
0.5,0.49,0.47,20.3,76.85,1.39,39849.67
0.5,0.5,0.46,20.23,76.92,1.39,39887.0
0.49,0.5,0.46,20.16,76.99,1.4,39921.67
0.5,0.51,0.46,20.08,77.06,1.4,39961.33
0.5,0.52,0.45,20.0,77.13,1.4,39998.33
0.5,0.52,0.45,19.94,77.2,1.4,40030.0
0.5,0.52,0.43,19.87,77.28,1.4,40065.33
0.5,0.52,0.42,19.81,77.35,1.4,40097.33