incubando,i_mild,i_grave,susceptibles,recuperados,muertos,infectados_totales
0.08,0.0,0.0,99.92,0.0,0.0,40.0
0.19,0.0,0.0,99.81,0.0,0.0,97.33
0.31,0.0,0.0,99.69,0.0,0.0,155.67
0.42,0.0,0.0,99.58,0.0,0.0,212.0
0.53,0.0,0.0,99.47,0.0,0.0,264.67
0.64,0.0,0.0,99.36,0.0,0.0,321.0
0.75,0.0,0.0,99.25,0.0,0.0,376.67
0.78,0.06,0.02,99.14,0.0,0.0,431.33
0.78,0.14,0.06,99.03,0.0,0.0,487.33
0.8,0.22,0.1,98.89,0.0,0.0,556.33
0.83,0.3,0.13,98.75,0.0,0.0,624.67
0.87,0.37,0.16,98.6,0.0,0.0,700.67
0.91,0.44,0.2,98.45,0.0,0.0,774.0
0.95,0.52,0.23,98.3,0.0,0.0,851.0
0.98,0.59,0.27,98.15,0.0,0.0,923.33
1.03,0.67,0.3,98.0,0.0,0.0,1002.33
1.07,0.77,0.34,97.82,0.0,0.01,1090.67
1.11,0.8,0.38,97.64,0.06,0.01,1178.33
1.13,0.83,0.42,97.47,0.14,0.01,1263.33
1.19,0.87,0.45,97.26,0.22,0.01,1369.33
1.25,0.89,0.5,97.05,0.3,0.01,1474.67
1.31,0.92,0.54,96.84,0.37,0.02,1579.0
1.36,0.96,0.59,96.64,0.44,0.02,1681.67
1.41,1.0,0.65,96.41,0.52,0.02,1794.0
1.45,1.04,0.7,96.19,0.59,0.02,1904.67
1.5,1.09,0.74,95.98,0.67,0.02,2012.0
1.53,1.14,0.8,95.73,0.77,0.03,2132.67
1.56,1.2,0.86,95.5,0.87,0.03,2252.33
1.57,1.24,0.9,95.28,0.99,0.03,2362.0
1.59,1.28,0.92,95.05,1.13,0.03,2476.33
1.59,1.34,0.94,94.82,1.28,0.03,2588.0
1.63,1.39,0.97,94.56,1.41,0.04,2717.67
1.66,1.44,1.0,94.32,1.55,0.04,2840.33
1.66,1.5,1.02,94.07,1.7,0.04,2965.0
1.69,1.56,1.06,93.81,1.85,0.04,3096.0
1.74,1.57,1.09,93.53,2.02,0.05,3233.67
1.8,1.58,1.13,93.25,2.2,0.05,3374.33
1.85,1.59,1.15,92.98,2.38,0.05,3512.0
1.85,1.64,1.18,92.71,2.57,0.06,3644.67
1.9,1.66,1.2,92.42,2.76,0.06,3791.33
1.93,1.69,1.23,92.14,2.95,0.06,3928.0
1.96,1.72,1.25,91.85,3.16,0.07,4073.67
1.96,1.77,1.27,91.57,3.36,0.07,4216.0
1.94,1.79,1.3,91.31,3.58,0.08,4346.33
1.96,1.81,1.32,91.02,3.81,0.08,4492.0
2.01,1.85,1.34,90.7,4.01,0.08,4648.33
2.0,1.9,1.39,90.41,4.2,0.09,4793.67
2.06,1.93,1.41,90.08,4.43,0.09,4958.0
2.09,1.94,1.45,89.76,4.67,0.1,5119.0
2.11,1.97,1.45,89.46,4.91,0.1,5270.67
2.15,1.96,1.48,89.16,5.15,0.1,5421.0
2.16,1.98,1.5,88.85,5.39,0.11,5572.67
2.18,1.99,1.53,88.52,5.66,0.11,5738.0
2.23,1.99,1.56,88.18,5.92,0.11,5909.0
2.22,2.03,1.6,87.87,6.17,0.12,6066.67
2.22,2.07,1.62,87.55,6.42,0.12,6227.0
2.26,2.08,1.64,87.19,6.7,0.13,6402.67
2.28,2.1,1.65,86.87,6.96,0.13,6563.33
2.31,2.12,1.67,86.55,7.21,0.14,6727.33
2.32,2.14,1.7,86.2,7.49,0.14,6897.67
2.34,2.21,1.73,85.84,7.73,0.15,7079.0
2.39,2.21,1.78,85.48,8.0,0.15,7259.33
2.44,2.21,1.8,85.1,8.28,0.16,7447.67
2.46,2.26,1.83,84.73,8.55,0.17,7635.0
2.49,2.25,1.84,84.38,8.86,0.17,7809.33
2.55,2.26,1.86,84.0,9.16,0.18,8001.0
2.56,2.31,1.85,83.64,9.44,0.18,8179.67
2.58,2.34,1.89,83.26,9.74,0.19,8369.0
2.57,2.39,1.91,82.91,10.04,0.19,8545.67
2.55,2.43,1.92,82.56,10.35,0.19,8720.67
2.53,2.44,1.96,82.2,10.67,0.2,8900.0
2.55,2.47,1.98,81.83,10.96,0.2,9085.33
2.56,2.53,2.01,81.44,11.25,0.21,9280.0
2.58,2.54,2.01,81.07,11.6,0.21,9467.33
2.57,2.58,2.03,80.69,11.91,0.22,9655.67
2.62,2.6,2.04,80.29,12.23,0.22,9853.33
2.65,2.58,2.05,79.91,12.59,0.23,10044.67
2.71,2.59,2.06,79.49,12.92,0.23,10255.67
2.74,2.59,2.08,79.09,13.26,0.24,10453.67
2.73,2.6,2.1,78.71,13.61,0.25,10645.0
2.74,2.63,2.09,78.33,13.96,0.25,10836.33
2.76,2.65,2.1,77.93,14.3,0.26,11037.0
2.75,2.68,2.1,77.54,14.67,0.27,11228.33
2.78,2.68,2.11,77.13,15.03,0.27,11437.0
2.76,2.72,2.11,76.73,15.4,0.28,11636.67
2.78,2.76,2.13,76.31,15.73,0.29,11843.33
2.8,2.79,2.14,75.91,16.07,0.29,12046.67
2.83,2.81,2.16,75.49,16.4,0.3,12252.67
2.83,2.84,2.16,75.09,16.77,0.3,12454.33
2.85,2.83,2.17,74.69,17.15,0.31,12654.0
2.83,2.85,2.18,74.3,17.53,0.32,12850.33
2.84,2.87,2.18,73.89,17.91,0.32,13057.33
2.83,2.87,2.19,73.48,18.3,0.33,13260.33
2.83,2.88,2.2,73.08,18.68,0.34,13462.0
2.84,2.86,2.22,72.66,19.08,0.34,13670.33
2.83,2.86,2.23,72.27,19.47,0.35,13867.0
2.86,2.88,2.24,71.83,19.83,0.35,14085.0
2.9,2.88,2.25,71.4,20.21,0.36,14302.33
2.91,2.88,2.27,70.97,20.6,0.37,14514.33
2.94,2.9,2.28,70.54,20.97,0.37,14728.0
2.98,2.89,2.28,70.09,21.37,0.38,14954.33
3.0,2.91,2.3,69.66,21.74,0.38,15171.0
3.03,2.9,2.3,69.23,22.14,0.39,15383.33
3.02,2.92,2.33,68.81,22.52,0.4,15595.67
3.0,2.94,2.34,68.4,22.92,0.41,15801.0
3.0,2.95,2.36,67.98,23.31,0.41,16012.33
3.0,2.96,2.37,67.54,23.71,0.42,16229.0
2.96,3.01,2.38,67.13,24.09,0.43,16435.0
2.96,3.04,2.39,66.7,24.48,0.43,16651.0
2.96,3.03,2.41,66.27,24.88,0.44,16865.0
2.95,3.05,2.42,65.86,25.27,0.45,17070.67
2.97,3.05,2.42,65.43,25.68,0.46,17284.33
2.98,3.06,2.43,65.0,26.08,0.46,17502.33
2.97,3.07,2.44,64.57,26.49,0.47,17712.67
2.98,3.06,2.43,64.15,26.91,0.47,17926.0
2.97,3.05,2.45,63.73,27.32,0.48,18135.33
2.95,3.04,2.45,63.32,27.74,0.49,18340.33
2.96,3.02,2.46,62.9,28.16,0.5,18552.33
2.96,3.0,2.47,62.47,28.59,0.51,18763.0
2.96,3.01,2.47,62.04,29.0,0.52,18981.0
2.94,3.01,2.48,61.63,29.41,0.52,19185.0
2.92,3.01,2.5,61.23,29.82,0.53,19383.67
2.92,3.01,2.5,60.81,30.22,0.54,19594.0
2.89,3.0,2.5,60.43,30.64,0.54,19784.33
2.88,3.0,2.49,60.02,31.06,0.55,19991.67
2.85,3.01,2.49,59.62,31.47,0.56,20188.33
2.83,3.02,2.48,59.21,31.9,0.57,20393.67
2.83,3.01,2.49,58.8,32.3,0.57,20599.0
2.83,2.99,2.48,58.4,32.72,0.58,20801.0
2.84,2.99,2.48,57.97,33.13,0.59,21012.67
2.89,2.96,2.46,57.54,33.56,0.59,21230.33
2.86,2.95,2.47,57.15,33.96,0.61,21423.33
2.86,2.93,2.46,56.76,34.37,0.61,21620.33
2.85,2.91,2.47,56.36,34.78,0.62,21817.67
2.82,2.89,2.47,55.98,35.2,0.63,22010.0
2.81,2.87,2.49,55.59,35.6,0.64,22205.67
2.78,2.83,2.49,55.2,36.06,0.65,22401.67
2.74,2.87,2.49,54.8,36.46,0.65,22598.67
2.78,2.86,2.48,54.38,36.85,0.66,22811.67
2.78,2.84,2.46,53.98,37.27,0.67,23008.0
2.76,2.85,2.44,53.6,37.67,0.67,23199.67
2.74,2.83,2.45,53.24,38.06,0.68,23381.67
2.75,2.83,2.42,52.84,38.47,0.69,23580.33
2.73,2.82,2.42,52.47,38.86,0.7,23766.33
2.72,2.81,2.42,52.09,39.25,0.72,23956.33
2.66,2.85,2.4,51.72,39.64,0.73,24141.67
2.62,2.83,2.41,51.36,40.03,0.74,24320.0
2.62,2.8,2.39,50.98,40.46,0.75,24509.0
2.61,2.77,2.38,50.62,40.86,0.76,24688.0
2.55,2.77,2.37,50.29,41.25,0.77,24856.0
2.53,2.75,2.37,49.94,41.64,0.77,25031.0
2.53,2.75,2.38,49.56,42.0,0.78,25222.33
2.54,2.73,2.37,49.18,42.4,0.79,25410.67
2.54,2.71,2.35,48.82,42.79,0.79,25590.0
2.53,2.7,2.33,48.46,43.18,0.8,25772.33
2.5,2.65,2.31,48.12,43.61,0.81,25940.0
2.5,2.63,2.27,47.79,43.99,0.82,26104.0
2.47,2.59,2.24,47.47,44.4,0.83,26263.67
2.4,2.62,2.24,47.15,44.76,0.83,26422.67
2.35,2.6,2.24,46.83,45.15,0.83,26585.0
2.33,2.6,2.23,46.49,45.51,0.84,26754.67
2.27,2.6,2.22,46.19,45.88,0.84,26907.33
2.28,2.57,2.21,45.84,46.25,0.85,27081.33
2.28,2.54,2.2,45.51,46.61,0.85,27243.0
2.29,2.51,2.17,45.19,46.98,0.86,27406.67
2.29,2.48,2.16,44.87,47.34,0.87,27567.33
2.28,2.46,2.13,44.55,47.7,0.87,27724.0
2.27,2.46,2.1,44.22,48.06,0.88,27887.67
2.28,2.4,2.09,43.9,48.44,0.88,28048.33
2.25,2.38,2.08,43.59,48.81,0.89,28204.33
2.24,2.35,2.06,43.27,49.18,0.89,28365.0
2.23,2.31,2.06,42.95,49.54,0.9,28522.67
2.22,2.31,2.03,42.64,49.88,0.91,28679.67
2.21,2.29,2.02,42.35,50.22,0.91,28827.33
2.2,2.3,2.01,42.03,50.55,0.92,28986.67
2.17,2.3,2.0,41.73,50.87,0.93,29135.67
2.17,2.28,1.99,41.42,51.21,0.93,29291.33
2.16,2.26,2.0,41.11,51.54,0.94,29443.67
2.16,2.26,1.99,40.79,51.85,0.95,29604.33
2.15,2.24,1.97,40.49,52.2,0.95,29755.0
2.14,2.22,1.94,40.2,52.53,0.96,29897.67
2.11,2.23,1.93,39.91,52.84,0.96,30043.67
2.14,2.22,1.91,39.58,53.17,0.97,30208.0
2.14,2.23,1.89,39.28,53.49,0.98,30362.0
2.14,2.21,1.88,38.97,53.81,0.98,30515.67
2.12,2.22,1.88,38.67,54.12,0.99,30665.33
2.13,2.21,1.88,38.36,54.42,1.0,30820.67
2.14,2.21,1.85,38.06,54.73,1.0,30970.0
2.13,2.19,1.85,37.78,55.04,1.01,31109.67
2.09,2.19,1.86,37.5,55.36,1.02,31251.33
2.09,2.2,1.84,37.19,55.66,1.02,31407.0
2.07,2.19,1.83,36.9,55.98,1.03,31549.0
2.05,2.19,1.81,36.62,56.29,1.03,31691.0
2.02,2.18,1.81,36.34,56.61,1.04,31832.0
2.01,2.19,1.8,36.05,56.91,1.05,31974.0
1.99,2.15,1.78,35.79,57.23,1.05,32105.33
1.98,2.15,1.77,35.52,57.53,1.06,32239.67
1.94,2.15,1.77,35.25,57.83,1.06,32375.33
1.93,2.16,1.74,34.97,58.13,1.07,32513.67
1.9,2.14,1.72,34.72,58.45,1.07,32641.33
1.88,2.12,1.71,34.45,58.76,1.08,32772.67
1.86,2.1,1.71,34.19,59.05,1.08,32904.33
1.84,2.07,1.7,33.94,59.35,1.09,33027.67
1.82,2.05,1.7,33.7,59.64,1.09,33148.33
1.8,2.02,1.69,33.45,59.94,1.1,33277.0
1.77,2.02,1.68,33.2,60.22,1.1,33399.0
1.76,1.99,1.68,32.96,60.5,1.11,33520.0
1.75,1.95,1.68,32.71,60.81,1.11,33645.67
1.72,1.93,1.68,32.47,61.08,1.12,33766.0
1.74,1.9,1.65,32.21,61.38,1.13,33897.33
1.75,1.87,1.62,31.96,61.68,1.13,34022.0
1.72,1.85,1.61,31.73,61.96,1.13,34136.67
1.72,1.83,1.61,31.48,62.22,1.13,34260.0
1.72,1.8,1.6,31.24,62.49,1.14,34382.0
1.71,1.78,1.58,31.0,62.78,1.15,34498.33
1.71,1.76,1.57,30.76,63.05,1.15,34619.0
1.66,1.77,1.56,30.55,63.3,1.15,34725.33
1.62,1.77,1.56,30.33,63.55,1.16,34833.67
1.62,1.76,1.52,30.11,63.83,1.16,34946.0
1.59,1.75,1.52,29.89,64.08,1.17,35055.33
1.56,1.76,1.5,29.67,64.33,1.17,35164.33
1.55,1.74,1.5,29.46,64.59,1.17,35271.0
1.51,1.74,1.49,29.25,64.83,1.18,35376.0
1.53,1.73,1.47,29.02,65.06,1.18,35490.33
1.53,1.7,1.46,28.8,65.32,1.18,35600.0
1.53,1.69,1.46,28.58,65.55,1.19,35709.33
1.53,1.64,1.45,28.36,65.82,1.19,35819.33
1.52,1.63,1.43,28.15,66.07,1.2,35925.33
1.51,1.59,1.42,27.95,66.33,1.2,36026.0
1.51,1.56,1.41,27.74,66.57,1.2,36130.67
1.49,1.54,1.41,27.53,66.82,1.21,36233.33
1.48,1.54,1.39,27.32,67.05,1.21,36338.33
1.46,1.52,1.39,27.12,67.28,1.22,36440.0
1.44,1.52,1.39,26.92,67.51,1.22,36540.0
1.41,1.52,1.37,26.74,67.74,1.23,36631.33
1.4,1.5,1.36,26.55,67.96,1.23,36724.33
1.39,1.5,1.35,26.35,68.18,1.23,36824.67
1.38,1.49,1.34,26.15,68.4,1.24,36923.0
1.37,1.5,1.32,25.95,68.61,1.24,37023.67
1.36,1.49,1.34,25.76,68.8,1.25,37120.33
1.36,1.47,1.33,25.56,69.03,1.25,37221.67
1.37,1.44,1.32,25.37,69.25,1.26,37317.33
1.36,1.42,1.3,25.19,69.47,1.26,37405.33
1.35,1.4,1.3,25.01,69.68,1.27,37497.33
1.34,1.4,1.29,24.81,69.88,1.27,37593.0
1.33,1.4,1.28,24.63,70.09,1.27,37687.0
1.31,1.4,1.27,24.45,70.3,1.28,37775.0
1.3,1.39,1.26,24.26,70.51,1.28,37869.67
1.29,1.37,1.26,24.08,70.72,1.28,37960.67
1.29,1.36,1.24,23.9,70.93,1.28,38051.67
1.3,1.35,1.22,23.71,71.13,1.29,38145.67
1.29,1.36,1.21,23.52,71.33,1.29,38238.67
1.29,1.37,1.2,23.34,71.51,1.3,38330.0
1.29,1.36,1.19,23.16,71.7,1.3,38418.33
1.27,1.36,1.16,22.99,71.92,1.3,38506.33
1.26,1.34,1.15,22.82,72.12,1.31,38589.33
1.25,1.33,1.14,22.65,72.32,1.31,38677.33
1.22,1.32,1.14,22.49,72.52,1.32,38756.33
1.22,1.31,1.14,22.31,72.7,1.32,38847.0
1.2,1.32,1.13,22.14,72.88,1.33,38928.0
1.18,1.31,1.12,21.98,73.08,1.33,39010.0
1.18,1.3,1.1,21.81,73.28,1.34,39095.67
1.18,1.28,1.1,21.64,73.46,1.34,39181.33
1.17,1.27,1.1,21.47,73.64,1.34,39263.67
1.17,1.24,1.08,21.32,73.85,1.35,39340.33
1.17,1.24,1.09,21.14,74.02,1.35,39430.33
1.17,1.22,1.07,20.97,74.2,1.35,39513.0
1.17,1.21,1.07,20.81,74.38,1.36,39594.33
1.16,1.2,1.07,20.65,74.56,1.36,39673.33
1.15,1.19,1.07,20.49,74.75,1.36,39754.33
1.14,1.18,1.06,20.33,74.92,1.37,39834.67
1.14,1.17,1.05,20.18,75.1,1.37,39910.0
1.11,1.18,1.04,20.03,75.26,1.38,39985.33
1.1,1.17,1.05,19.87,75.43,1.38,40062.67
1.08,1.17,1.06,19.73,75.58,1.38,40134.67
1.07,1.17,1.05,19.59,75.75,1.39,40206.67
1.04,1.17,1.03,19.45,75.92,1.39,40273.33
1.03,1.17,1.02,19.31,76.08,1.39,40347.33
1.02,1.16,1.01,19.16,76.25,1.39,40418.0
1.01,1.16,0.99,19.02,76.43,1.4,40488.33
0.98,1.15,0.98,18.9,76.59,1.4,40552.33
0.96,1.14,0.97,18.77,76.76,1.4,40612.67
0.95,1.11,0.97,18.64,76.93,1.4,40679.67
0.95,1.08,0.96,18.51,77.1,1.41,40746.33
0.93,1.08,0.94,18.38,77.25,1.41,40810.0
0.91,1.06,0.93,18.25,77.42,1.42,40873.33
0.9,1.06,0.91,18.12,77.59,1.42,40939.33
0.9,1.03,0.9,18.0,77.75,1.42,41001.0
0.9,1.01,0.88,17.88,77.9,1.43,41062.33
0.89,1.0,0.86,17.75,78.07,1.43,41125.33
0.88,0.98,0.85,17.62,78.23,1.43,41188.33
0.88,0.97,0.84,17.5,78.38,1.43,41247.67
0.87,0.95,0.85,17.38,78.51,1.43,41309.0
0.85,0.95,0.84,17.27,78.65,1.43,41366.67
0.85,0.94,0.82,17.15,78.8,1.44,41426.33
0.84,0.92,0.81,17.04,78.95,1.44,41480.33
0.81,0.9,0.81,16.93,79.1,1.44,41532.67
0.79,0.9,0.8,16.83,79.23,1.45,41585.0
0.77,0.9,0.79,16.73,79.36,1.45,41633.33
0.76,0.89,0.78,16.63,79.5,1.45,41686.67
0.75,0.88,0.77,16.52,79.64,1.45,41741.33
0.73,0.87,0.77,16.42,79.76,1.45,41792.33
0.72,0.87,0.75,16.32,79.88,1.46,41842.0
0.71,0.85,0.74,16.22,80.02,1.46,41889.33
0.7,0.83,0.73,16.13,80.15,1.46,41933.0
0.68,0.82,0.72,16.05,80.27,1.46,41973.67
0.67,0.8,0.7,15.95,80.4,1.47,42024.0
0.66,0.78,0.71,15.86,80.52,1.47,42070.67
0.65,0.77,0.7,15.77,80.64,1.47,42117.0
0.65,0.76,0.69,15.67,80.76,1.47,42167.33
0.64,0.75,0.68,15.59,80.87,1.47,42207.33
0.65,0.73,0.67,15.48,80.99,1.48,42258.0
0.65,0.72,0.64,15.4,81.11,1.48,42300.67
0.64,0.72,0.63,15.31,81.23,1.48,42342.67
0.63,0.71,0.62,15.23,81.34,1.48,42385.33
0.63,0.7,0.61,15.14,81.44,1.48,42429.67
0.6,0.7,0.6,15.06,81.55,1.48,42468.33
0.6,0.68,0.59,14.98,81.66,1.49,42508.33
0.58,0.67,0.59,14.9,81.77,1.49,42549.67
0.58,0.66,0.58,14.82,81.87,1.49,42588.67
0.58,0.64,0.57,14.74,81.98,1.49,42630.67
0.58,0.64,0.56,14.65,82.07,1.49,42673.67
0.56,0.64,0.55,14.58,82.17,1.5,42710.67
0.56,0.62,0.55,14.5,82.27,1.5,42748.67
0.56,0.61,0.55,14.42,82.36,1.5,42789.67
0.56,0.6,0.54,14.34,82.46,1.5,42829.0
0.56,0.59,0.54,14.26,82.55,1.5,42868.0
0.56,0.6,0.53,14.18,82.63,1.5,42909.67
0.56,0.58,0.52,14.09,82.74,1.5,42953.0
0.57,0.57,0.53,14.01,82.82,1.51,42994.67
0.58,0.56,0.53,13.93,82.9,1.51,43036.67
0.57,0.56,0.52,13.85,82.99,1.51,43075.33
0.58,0.56,0.52,13.76,83.07,1.51,43120.0
0.59,0.55,0.53,13.67,83.14,1.51,43163.67
0.59,0.56,0.53,13.59,83.22,1.51,43206.67
0.58,0.56,0.53,13.51,83.31,1.52,43244.67
0.58,0.56,0.52,13.43,83.39,1.52,43283.0
0.56,0.55,0.52,13.36,83.48,1.52,43318.0
0.57,0.55,0.52,13.28,83.56,1.52,43358.33
0.55,0.56,0.52,13.21,83.64,1.52,43397.0
0.55,0.57,0.53,13.13,83.71,1.52,43437.0
0.53,0.57,0.52,13.05,83.8,1.52,43474.0
0.54,0.56,0.52,12.97,83.88,1.52,43516.67
0.55,0.57,0.51,12.89,83.95,1.52,43556.33
0.56,0.56,0.51,12.81,84.04,1.53,43596.0
0.56,0.56,0.51,12.72,84.12,1.53,43639.0
0.57,0.55,0.51,12.63,84.2,1.53,43683.0
0.57,0.55,0.51,12.55,84.28,1.53,43723.67
0.57,0.54,0.51,12.49,84.36,1.54,43757.33
0.55,0.54,0.52,12.41,84.44,1.54,43792.67
0.54,0.53,0.52,12.34,84.52,1.54,43828.0
0.54,0.52,0.52,12.27,84.61,1.54,43866.33
0.52,0.53,0.53,12.2,84.68,1.54,43901.0
0.5,0.54,0.54,12.13,84.75,1.54,43934.0
0.49,0.55,0.52,12.07,84.83,1.54,43967.0
0.49,0.54,0.52,12.0,84.91,1.54,44000.33
0.48,0.53,0.53,11.93,84.99,1.54,44033.0
0.47,0.52,0.53,11.87,85.06,1.54,44063.67
0.46,0.53,0.52,11.81,85.14,1.55,44096.0
0.46,0.52,0.52,11.74,85.21,1.55,44128.67
0.45,0.52,0.5,11.68,85.3,1.55,44161.0
0.45,0.51,0.5,11.61,85.37,1.55,44193.33
0.45,0.5,0.49,11.55,85.45,1.55,44227.0
0.45,0.49,0.48,11.49,85.54,1.56,44257.0
0.45,0.48,0.47,11.42,85.62,1.56,44289.0