incubando,i_mild,i_grave,susceptibles,recuperados,muertos,infectados_totales
0.01,0.0,0.0,99.99,0.0,0.0,4.0
0.02,0.0,0.0,99.98,0.0,0.0,9.0
0.03,0.0,0.0,99.97,0.0,0.0,15.67
0.05,0.0,0.0,99.95,0.0,0.0,24.0
0.06,0.0,0.0,99.94,0.0,0.0,29.0
0.08,0.0,0.0,99.92,0.0,0.0,37.67
0.09,0.0,0.0,99.91,0.0,0.0,44.33
0.09,0.01,0.0,99.9,0.0,0.0,50.33
0.1,0.01,0.01,99.88,0.0,0.0,58.33
0.1,0.02,0.01,99.87,0.0,0.0,66.33
0.1,0.03,0.02,99.85,0.0,0.0,74.0
0.11,0.04,0.02,99.83,0.0,0.0,84.67
0.11,0.05,0.03,99.82,0.0,0.0,92.33
0.12,0.06,0.03,99.79,0.0,0.0,103.0
0.12,0.07,0.03,99.78,0.0,0.0,111.33
0.12,0.08,0.04,99.76,0.0,0.0,120.67
0.13,0.09,0.04,99.74,0.0,0.0,130.67
0.14,0.1,0.04,99.72,0.01,0.0,141.67
0.13,0.11,0.05,99.7,0.01,0.0,148.67
0.13,0.11,0.05,99.68,0.02,0.0,157.67
0.13,0.12,0.06,99.66,0.03,0.0,169.67
0.13,0.12,0.06,99.65,0.04,0.0,175.33
0.12,0.12,0.07,99.64,0.05,0.0,180.33
0.12,0.13,0.07,99.62,0.06,0.0,188.67
0.11,0.14,0.07,99.61,0.07,0.0,197.0
0.11,0.14,0.08,99.59,0.08,0.0,205.67
0.12,0.14,0.08,99.57,0.09,0.0,217.0
0.12,0.14,0.09,99.54,0.1,0.0,228.0
0.13,0.13,0.1,99.52,0.12,0.0,240.67
0.15,0.13,0.09,99.49,0.13,0.0,256.0
0.16,0.12,0.09,99.46,0.16,0.0,268.33
0.17,0.12,0.09,99.43,0.18,0.0,284.0
0.19,0.12,0.09,99.4,0.19,0.0,300.33
0.2,0.12,0.09,99.37,0.21,0.01,315.67
0.2,0.12,0.1,99.34,0.23,0.01,329.0
0.22,0.12,0.11,99.3,0.25,0.01,349.33
0.22,0.13,0.11,99.27,0.27,0.01,367.0
0.24,0.14,0.11,99.23,0.28,0.01,387.0
0.24,0.15,0.12,99.19,0.29,0.01,404.67
0.25,0.16,0.13,99.15,0.3,0.01,425.0
0.27,0.17,0.14,99.1,0.32,0.01,448.33
0.28,0.17,0.14,99.06,0.34,0.01,470.67
0.29,0.19,0.15,99.01,0.35,0.01,493.33
0.29,0.2,0.16,98.97,0.37,0.01,513.67
0.31,0.21,0.17,98.92,0.39,0.01,539.67
0.32,0.22,0.17,98.87,0.41,0.01,565.67
0.33,0.23,0.18,98.82,0.44,0.01,590.0
0.34,0.24,0.18,98.76,0.46,0.01,618.33
0.35,0.26,0.18,98.71,0.49,0.01,644.0
0.36,0.27,0.19,98.66,0.51,0.01,672.0
0.38,0.28,0.2,98.6,0.53,0.01,702.33
0.39,0.3,0.21,98.53,0.55,0.01,736.0
0.4,0.31,0.22,98.47,0.59,0.01,767.33
0.41,0.32,0.23,98.41,0.61,0.01,795.67
0.42,0.34,0.24,98.35,0.65,0.01,826.33
0.43,0.35,0.24,98.28,0.68,0.01,859.67
0.44,0.37,0.24,98.22,0.72,0.02,889.67
0.43,0.37,0.25,98.16,0.76,0.02,918.33
0.42,0.38,0.27,98.11,0.81,0.02,944.67
0.42,0.39,0.27,98.04,0.85,0.02,978.33
0.43,0.41,0.28,97.97,0.89,0.02,1012.67
0.44,0.42,0.28,97.91,0.94,0.02,1046.67
0.44,0.42,0.29,97.85,0.99,0.02,1077.33
0.45,0.43,0.29,97.77,1.03,0.02,1112.67
0.45,0.42,0.3,97.71,1.09,0.02,1143.67
0.46,0.42,0.3,97.65,1.14,0.03,1176.0
0.46,0.43,0.31,97.58,1.19,0.03,1209.67
0.46,0.43,0.32,97.52,1.24,0.03,1241.0
0.45,0.43,0.33,97.46,1.3,0.03,1272.33
0.46,0.43,0.34,97.38,1.35,0.03,1308.0
0.47,0.44,0.35,97.3,1.4,0.03,1348.33
0.48,0.44,0.36,97.23,1.46,0.03,1385.67
0.49,0.44,0.36,97.16,1.52,0.04,1420.33
0.5,0.44,0.37,97.08,1.57,0.04,1459.33
0.51,0.45,0.38,97.01,1.62,0.04,1497.33
0.52,0.46,0.38,96.93,1.67,0.04,1534.33
0.54,0.45,0.39,96.85,1.73,0.04,1576.67
0.54,0.46,0.4,96.76,1.79,0.04,1617.67
0.56,0.47,0.41,96.67,1.85,0.04,1666.0
0.57,0.48,0.41,96.59,1.92,0.04,1703.67
0.57,0.48,0.41,96.51,1.98,0.04,1744.0
0.58,0.49,0.42,96.43,2.04,0.04,1787.0
0.58,0.5,0.42,96.35,2.1,0.04,1824.33
0.57,0.51,0.43,96.28,2.17,0.05,1859.67
0.57,0.53,0.44,96.2,2.23,0.05,1900.67
0.56,0.55,0.44,96.11,2.29,0.05,1944.0
0.57,0.56,0.45,96.03,2.35,0.05,1986.33
0.58,0.55,0.46,95.94,2.43,0.05,2032.0
0.59,0.57,0.46,95.84,2.5,0.05,2082.0
0.62,0.56,0.47,95.73,2.57,0.05,2132.67
0.63,0.56,0.47,95.66,2.64,0.05,2172.33
0.64,0.56,0.48,95.56,2.72,0.05,2221.67
0.64,0.57,0.48,95.47,2.79,0.05,2263.67
0.65,0.57,0.48,95.38,2.87,0.05,2311.67
0.67,0.59,0.47,95.27,2.95,0.06,2366.33
0.68,0.59,0.48,95.16,3.03,0.06,2422.33
0.68,0.61,0.49,95.05,3.11,0.06,2475.0
0.7,0.61,0.49,94.95,3.18,0.06,2524.0
0.7,0.62,0.49,94.85,3.27,0.06,2574.0
0.72,0.64,0.5,94.76,3.33,0.06,2621.67
0.72,0.65,0.51,94.66,3.4,0.06,2672.33
0.72,0.68,0.51,94.54,3.48,0.06,2728.0
0.71,0.69,0.52,94.44,3.57,0.06,2778.33
0.72,0.7,0.53,94.33,3.65,0.07,2835.0
0.73,0.68,0.55,94.22,3.75,0.07,2889.33
0.74,0.68,0.55,94.11,3.85,0.07,2945.33
0.77,0.69,0.55,93.99,3.94,0.07,3006.33
0.8,0.7,0.56,93.86,4.02,0.07,3070.33
0.81,0.71,0.56,93.73,4.11,0.07,3133.0
0.83,0.71,0.58,93.62,4.2,0.07,3191.0
0.85,0.73,0.58,93.48,4.29,0.07,3259.0
0.87,0.72,0.59,93.35,4.39,0.07,3323.67
0.9,0.72,0.6,93.21,4.49,0.08,3394.0
0.91,0.74,0.61,93.08,4.59,0.08,3460.67
0.91,0.77,0.62,92.95,4.67,0.08,3526.0
0.93,0.79,0.65,92.8,4.75,0.08,3597.67
0.95,0.79,0.65,92.67,4.85,0.08,3667.33
0.94,0.82,0.66,92.54,4.95,0.08,3729.0
0.95,0.83,0.67,92.4,5.06,0.09,3801.0
0.97,0.86,0.69,92.24,5.15,0.09,3878.33
0.97,0.88,0.71,92.11,5.24,0.09,3944.67
0.97,0.9,0.72,91.98,5.34,0.09,4009.33
0.96,0.92,0.73,91.84,5.46,0.09,4078.33
0.96,0.93,0.74,91.7,5.58,0.09,4148.67
0.99,0.92,0.75,91.56,5.7,0.1,4221.67
0.97,0.94,0.75,91.43,5.82,0.1,4287.0
0.95,0.96,0.77,91.29,5.93,0.1,4353.67
0.94,0.96,0.78,91.17,6.05,0.1,4417.0
0.95,0.95,0.79,91.03,6.17,0.1,4485.0
0.96,0.95,0.81,90.88,6.29,0.1,4560.67
0.97,0.96,0.81,90.73,6.42,0.11,4633.33
0.95,0.96,0.82,90.61,6.55,0.11,4696.0
0.96,0.96,0.82,90.47,6.68,0.11,4766.0
0.98,0.96,0.83,90.31,6.81,0.11,4844.0
0.99,0.96,0.83,90.17,6.93,0.11,4913.67
1.0,0.96,0.83,90.03,7.07,0.12,4985.0
1.0,0.95,0.84,89.88,7.21,0.12,5061.33
1.01,0.96,0.85,89.72,7.34,0.12,5139.0
1.03,0.96,0.85,89.57,7.46,0.12,5213.33
1.04,0.96,0.86,89.42,7.59,0.13,5288.33
1.04,0.97,0.86,89.27,7.73,0.13,5363.67
1.05,0.97,0.86,89.12,7.86,0.13,5439.0
1.06,0.98,0.86,88.97,8.0,0.14,5513.0
1.07,0.99,0.86,88.81,8.13,0.14,5595.0
1.05,1.01,0.86,88.67,8.27,0.14,5663.0
1.04,1.01,0.87,88.54,8.4,0.14,5731.33
1.04,1.02,0.88,88.39,8.54,0.15,5807.0
1.04,1.02,0.88,88.24,8.68,0.15,5882.33
1.02,1.04,0.87,88.1,8.81,0.15,5951.33
1.03,1.05,0.88,87.95,8.94,0.15,6025.67
1.02,1.06,0.87,87.79,9.1,0.16,6105.0
1.04,1.06,0.87,87.63,9.23,0.16,6182.67
1.06,1.05,0.87,87.48,9.38,0.16,6259.33
1.07,1.05,0.88,87.32,9.52,0.17,6341.67
1.08,1.05,0.88,87.16,9.67,0.17,6422.0
1.1,1.06,0.88,86.99,9.8,0.17,6503.67
1.13,1.06,0.88,86.82,9.94,0.17,6590.67
1.14,1.07,0.87,86.65,10.09,0.17,6675.67
1.17,1.07,0.87,86.47,10.25,0.18,6766.33
1.2,1.09,0.87,86.28,10.39,0.18,6861.67
1.21,1.08,0.87,86.11,10.55,0.18,6947.33
1.21,1.11,0.87,85.95,10.69,0.18,7025.33
1.21,1.13,0.87,85.78,10.82,0.19,7109.67
1.21,1.15,0.87,85.61,10.97,0.19,7196.67
1.2,1.16,0.87,85.45,11.12,0.19,7275.0
1.18,1.19,0.88,85.29,11.27,0.2,7354.33
1.14,1.21,0.89,85.14,11.42,0.2,7432.33
1.14,1.22,0.9,84.96,11.58,0.2,7518.0
1.15,1.22,0.9,84.8,11.73,0.2,7601.33
1.16,1.22,0.91,84.62,11.89,0.2,7688.0
1.16,1.23,0.91,84.44,12.04,0.21,7778.67
1.18,1.22,0.91,84.27,12.21,0.21,7862.67
1.19,1.21,0.92,84.1,12.36,0.21,7949.33
1.22,1.2,0.92,83.92,12.53,0.22,8040.33
1.24,1.2,0.92,83.73,12.7,0.22,8135.67
1.26,1.19,0.93,83.54,12.86,0.22,8231.33
1.27,1.18,0.94,83.36,13.03,0.23,8321.67
1.26,1.18,0.96,83.18,13.19,0.23,8409.0
1.28,1.2,0.95,83.0,13.34,0.23,8501.33
1.28,1.22,0.95,82.82,13.5,0.23,8587.67
1.28,1.21,0.97,82.64,13.66,0.24,8678.0
1.27,1.25,0.97,82.46,13.81,0.24,8771.33
1.27,1.28,0.98,82.27,13.96,0.24,8864.33
1.27,1.29,0.99,82.09,14.12,0.25,8956.0
1.26,1.29,0.99,81.92,14.28,0.25,9039.0
1.27,1.31,1.0,81.73,14.44,0.26,9135.0
1.29,1.31,0.98,81.53,14.62,0.26,9232.67
1.29,1.31,0.98,81.35,14.8,0.26,9323.67
1.29,1.31,0.99,81.17,14.98,0.27,9416.0
1.28,1.32,0.99,80.99,15.15,0.27,9505.0
1.26,1.33,0.98,80.82,15.32,0.28,9588.33
1.27,1.31,0.98,80.66,15.51,0.28,9671.67
1.24,1.3,1.0,80.49,15.7,0.28,9754.67
1.19,1.3,1.02,80.34,15.87,0.28,9827.67
1.18,1.3,1.03,80.18,16.03,0.29,9912.0
1.15,1.31,1.03,80.01,16.21,0.29,9993.0
1.12,1.3,1.03,79.87,16.38,0.29,10067.0
1.12,1.3,1.02,79.71,16.56,0.3,10147.33
1.11,1.28,1.03,79.54,16.74,0.3,10229.0
1.12,1.26,1.04,79.38,16.91,0.31,10312.33
1.12,1.22,1.04,79.23,17.08,0.31,10387.33
1.11,1.23,1.02,79.07,17.26,0.31,10466.67
1.12,1.22,1.02,78.9,17.43,0.32,10550.67
1.13,1.18,1.03,78.74,17.61,0.32,10630.67
1.13,1.17,1.02,78.58,17.78,0.32,10711.67
1.15,1.15,1.02,78.39,17.97,0.33,10803.0
1.17,1.14,1.02,78.21,18.14,0.33,10895.33
1.19,1.12,1.01,78.04,18.31,0.33,10981.0
1.19,1.13,1.01,77.87,18.46,0.33,11063.33
1.19,1.13,1.01,77.71,18.63,0.34,11143.33
1.2,1.14,1.01,77.54,18.78,0.34,11230.0
1.21,1.12,1.01,77.37,18.95,0.34,11316.67
1.2,1.13,1.03,77.19,19.11,0.34,11403.67
1.18,1.16,1.02,77.03,19.26,0.35,11486.0
1.18,1.17,1.0,76.86,19.44,0.35,11572.0
1.17,1.17,1.0,76.7,19.6,0.36,11648.67
1.17,1.17,0.99,76.55,19.77,0.36,11727.0
1.14,1.19,0.98,76.4,19.93,0.36,11800.67
1.12,1.2,0.99,76.25,20.08,0.36,11876.67
1.1,1.22,0.98,76.09,20.25,0.37,11956.0
1.1,1.22,0.97,75.93,20.4,0.37,12036.0
1.09,1.22,0.99,75.77,20.56,0.37,12116.33
1.09,1.2,1.0,75.61,20.72,0.38,12196.0
1.1,1.18,1.0,75.45,20.9,0.38,12275.0
1.11,1.17,0.99,75.29,21.07,0.38,12355.67
1.13,1.16,0.99,75.12,21.23,0.38,12439.33
1.12,1.16,0.98,74.97,21.39,0.38,12514.33
1.11,1.15,0.97,74.82,21.56,0.39,12589.67
1.09,1.14,0.98,74.67,21.72,0.39,12663.33
1.09,1.12,0.99,74.52,21.89,0.39,12739.33
1.07,1.11,0.98,74.38,22.06,0.4,12811.0
1.06,1.11,0.98,74.23,22.22,0.4,12885.67
1.03,1.13,0.97,74.09,22.37,0.4,12955.67
1.01,1.13,0.95,73.96,22.54,0.41,13020.0
0.99,1.13,0.94,73.83,22.7,0.41,13087.0
0.99,1.13,0.94,73.68,22.84,0.41,13157.67
0.97,1.13,0.93,73.55,23.01,0.41,13223.67
0.97,1.1,0.93,73.41,23.17,0.42,13295.0
0.96,1.09,0.93,73.27,23.33,0.42,13364.0
0.96,1.09,0.91,73.13,23.49,0.42,13435.67
0.97,1.07,0.91,72.99,23.64,0.43,13507.0
0.98,1.04,0.9,72.84,23.8,0.43,13579.0
0.98,1.03,0.88,72.7,23.97,0.43,13648.0
1.0,1.01,0.87,72.56,24.13,0.44,13722.0
1.0,1.0,0.87,72.41,24.28,0.44,13796.33
1.01,0.99,0.87,72.26,24.42,0.44,13870.67
1.0,0.98,0.87,72.13,24.58,0.44,13934.67
0.99,0.99,0.86,72.0,24.72,0.44,13999.67
0.99,0.99,0.86,71.85,24.86,0.45,14074.0
1.0,0.98,0.85,71.71,25.01,0.45,14146.67
1.01,1.0,0.84,71.54,25.15,0.45,14228.33
1.02,1.02,0.83,71.39,25.28,0.46,14305.67
1.03,1.02,0.83,71.23,25.43,0.46,14384.0
1.05,1.02,0.82,71.08,25.56,0.46,14459.0
1.07,1.01,0.83,70.93,25.7,0.46,14533.67
1.07,1.03,0.82,70.78,25.84,0.46,14607.67
1.08,1.03,0.82,70.63,25.98,0.47,14686.33
1.07,1.04,0.83,70.48,26.12,0.47,14761.67
1.06,1.05,0.83,70.33,26.26,0.47,14835.67
1.06,1.07,0.82,70.17,26.41,0.47,14913.0
1.06,1.07,0.82,70.02,26.55,0.48,14991.33
1.07,1.06,0.83,69.86,26.7,0.48,15070.0
1.08,1.06,0.83,69.7,26.84,0.49,15148.67
1.07,1.07,0.84,69.56,26.97,0.49,15222.0
1.06,1.09,0.84,69.42,27.09,0.5,15292.0
1.05,1.09,0.83,69.28,27.25,0.5,15358.33
1.04,1.1,0.84,69.13,27.39,0.5,15434.33
1.04,1.1,0.83,68.98,27.54,0.51,15511.67
1.02,1.1,0.84,68.84,27.69,0.51,15578.0
0.99,1.09,0.85,68.71,27.85,0.51,15644.67
0.98,1.08,0.86,68.58,27.99,0.51,15712.0
0.98,1.08,0.86,68.44,28.13,0.51,15782.33
0.99,1.07,0.86,68.29,28.27,0.51,15854.0
0.97,1.07,0.87,68.16,28.42,0.51,15920.0
0.95,1.08,0.87,68.03,28.56,0.52,15986.67
0.96,1.06,0.86,67.88,28.71,0.52,16057.67
0.97,1.05,0.87,67.74,28.85,0.52,16127.67
0.98,1.02,0.87,67.59,29.01,0.53,16202.67
0.98,1.01,0.86,67.46,29.17,0.53,16271.33
0.96,1.0,0.86,67.33,29.31,0.53,16336.0
0.97,0.98,0.87,67.19,29.45,0.53,16405.67
0.99,0.97,0.87,67.03,29.59,0.54,16484.0
1.0,0.98,0.86,66.89,29.73,0.54,16557.33
1.01,0.97,0.87,66.74,29.87,0.54,16630.33
1.01,0.96,0.86,66.59,30.04,0.54,16706.0
1.02,0.96,0.86,66.44,30.18,0.54,16781.33
1.04,0.96,0.86,66.29,30.31,0.55,16857.33
1.05,0.97,0.85,66.14,30.44,0.55,16929.33
1.03,0.98,0.86,66.0,30.58,0.55,17001.33
1.04,0.98,0.86,65.85,30.72,0.56,17075.33
1.03,1.0,0.85,65.71,30.85,0.56,17144.0
1.03,1.01,0.86,65.56,30.98,0.56,17221.0
1.03,1.02,0.86,65.4,31.12,0.56,17298.0
1.05,1.04,0.86,65.23,31.25,0.56,17382.67
1.07,1.03,0.86,65.07,31.4,0.56,17464.67
1.08,1.04,0.87,64.92,31.53,0.57,17540.0
1.08,1.04,0.88,64.77,31.66,0.57,17614.33
1.09,1.03,0.88,64.62,31.81,0.57,17691.0
1.08,1.03,0.89,64.48,31.95,0.57,17759.33
1.07,1.04,0.89,64.34,32.09,0.58,17830.67
1.05,1.05,0.9,64.19,32.24,0.58,17906.33
1.03,1.06,0.9,64.04,32.39,0.58,17982.0
1.03,1.04,0.92,63.89,32.53,0.59,18054.0
1.01,1.04,0.92,63.76,32.68,0.59,18120.67
1.02,1.05,0.91,63.6,32.83,0.59,18200.0
1.03,1.05,0.9,63.45,32.97,0.6,18273.67
1.04,1.05,0.91,63.3,33.11,0.6,18348.67
1.04,1.06,0.93,63.15,33.23,0.6,18427.0
1.05,1.06,0.93,62.98,33.37,0.6,18508.0
1.06,1.05,0.93,62.83,33.52,0.61,18584.33
1.09,1.02,0.93,62.67,33.69,0.61,18665.0
1.09,1.02,0.93,62.51,33.84,0.61,18742.67
1.08,1.02,0.94,62.38,33.97,0.61,18812.33
1.07,1.02,0.94,62.23,34.12,0.62,18884.0
1.07,1.03,0.94,62.08,34.26,0.62,18959.67
1.05,1.05,0.94,61.94,34.41,0.62,19031.33
1.05,1.06,0.94,61.78,34.55,0.62,19107.67
1.02,1.07,0.94,61.65,34.7,0.62,19177.33
1.01,1.07,0.94,61.51,34.85,0.62,19245.33
1.0,1.07,0.94,61.38,34.99,0.63,19312.0
1.0,1.08,0.93,61.24,35.12,0.63,19382.33
0.99,1.07,0.93,61.09,35.28,0.63,19454.0
0.99,1.07,0.92,60.94,35.43,0.64,19527.67
0.99,1.07,0.91,60.79,35.59,0.64,19602.67
1.0,1.05,0.91,60.64,35.75,0.65,19679.67
1.01,1.02,0.91,60.5,35.91,0.65,19752.0
1.02,1.01,0.91,60.36,36.05,0.65,19820.33
1.02,0.99,0.91,60.22,36.2,0.66,19892.0
1.02,0.98,0.91,60.07,36.36,0.66,19965.33
1.03,0.98,0.91,59.92,36.5,0.66,20041.0
1.04,0.99,0.91,59.76,36.64,0.66,20121.0
1.05,1.0,0.91,59.59,36.79,0.67,20203.33
1.05,1.0,0.9,59.45,36.93,0.67,20277.0
1.08,1.0,0.89,59.28,37.08,0.67,20358.33
1.08,1.0,0.9,59.13,37.21,0.68,20433.67
1.09,1.02,0.89,58.98,37.34,0.68,20509.0
1.09,1.03,0.89,58.83,37.47,0.68,20585.33
1.09,1.04,0.89,58.67,37.62,0.69,20665.67
1.08,1.07,0.89,58.51,37.76,0.69,20745.67
1.11,1.07,0.89,58.34,37.9,0.69,20831.33
1.11,1.08,0.89,58.17,38.05,0.69,20913.0
1.13,1.07,0.91,58.0,38.2,0.7,20997.67
1.13,1.07,0.91,57.85,38.34,0.7,21073.67
1.12,1.07,0.91,57.71,38.49,0.7,21145.0
1.1,1.09,0.91,57.57,38.64,0.7,21217.33
1.08,1.09,0.91,57.42,38.79,0.71,21288.0
1.04,1.1,0.91,57.3,38.94,0.71,21351.0
1.03,1.11,0.92,57.15,39.09,0.71,21427.0
1.02,1.11,0.93,56.99,39.24,0.72,21505.33
1.02,1.12,0.91,56.83,39.39,0.72,21585.33
1.03,1.1,0.92,56.68,39.55,0.72,21659.0
1.03,1.09,0.93,56.54,39.69,0.72,21730.67
1.04,1.1,0.92,56.38,39.83,0.73,21809.0
1.07,1.08,0.91,56.23,39.98,0.73,21883.67
1.07,1.07,0.92,56.08,40.13,0.73,21960.33
1.06,1.07,0.92,55.93,40.28,0.74,22036.33
1.04,1.06,0.94,55.79,40.43,0.74,22105.33
1.03,1.06,0.93,55.65,40.59,0.74,22173.67
1.04,1.03,0.92,55.5,40.76,0.74,22249.33
1.03,1.03,0.92,55.35,40.92,0.74,22324.0
1.04,1.05,0.92,55.2,41.05,0.75,22401.33
1.05,1.05,0.93,55.03,41.19,0.75,22483.0
1.04,1.05,0.93,54.89,41.34,0.75,22556.67
1.05,1.07,0.92,54.74,41.47,0.75,22631.0
1.06,1.05,0.91,54.6,41.63,0.76,22702.0