incubando,i_mild,i_grave,susceptibles,recuperados,muertos,infectados_totales
0.12,0.0,0.0,99.88,0.0,0.0,62.0
0.29,0.0,0.0,99.71,0.0,0.0,145.0
0.43,0.0,0.0,99.57,0.0,0.0,217.0
0.61,0.0,0.0,99.39,0.0,0.0,304.0
0.8,0.0,0.0,99.2,0.0,0.0,399.0
1.0,0.0,0.0,99.0,0.0,0.0,499.33
1.21,0.0,0.0,98.79,0.0,0.0,604.0
1.32,0.09,0.04,98.56,0.0,0.0,720.67
1.42,0.22,0.07,98.29,0.0,0.0,852.67
1.53,0.32,0.12,98.03,0.0,0.0,984.33
1.63,0.45,0.16,97.76,0.0,0.0,1117.67
1.71,0.59,0.21,97.5,0.0,0.0,1252.0
1.79,0.74,0.26,97.21,0.0,0.0,1396.33
1.87,0.89,0.32,96.92,0.0,0.0,1538.0
1.92,1.06,0.38,96.64,0.0,0.01,1679.67
1.95,1.24,0.46,96.34,0.0,0.01,1828.67
2.02,1.43,0.53,96.01,0.0,0.01,1994.0
2.11,1.54,0.6,95.65,0.09,0.01,2174.33
2.23,1.6,0.67,95.26,0.22,0.01,2368.67
2.33,1.7,0.76,94.88,0.32,0.01,2559.0
2.45,1.78,0.83,94.48,0.45,0.02,2762.0
2.59,1.84,0.91,94.05,0.59,0.02,2974.33
2.72,1.91,1.0,93.62,0.74,0.02,3189.67
2.85,1.98,1.1,93.16,0.89,0.02,3420.0
2.98,2.06,1.21,92.68,1.06,0.03,3662.33
3.03,2.15,1.31,92.23,1.24,0.03,3884.33
3.13,2.24,1.41,91.75,1.43,0.04,4126.0
3.22,2.32,1.54,91.26,1.62,0.04,4370.0
3.36,2.43,1.63,90.69,1.85,0.04,4653.0
3.49,2.54,1.71,90.13,2.09,0.05,4933.67
3.58,2.65,1.79,89.58,2.34,0.05,5209.0
3.67,2.8,1.89,89.0,2.58,0.06,5499.33
3.82,2.9,1.97,88.41,2.84,0.07,5795.0
3.96,3.0,2.07,87.79,3.11,0.07,6103.67
4.06,3.1,2.16,87.2,3.41,0.07,6401.67
4.14,3.22,2.25,86.55,3.75,0.08,6723.33
4.21,3.37,2.31,85.93,4.1,0.09,7036.33
4.24,3.48,2.39,85.34,4.45,0.1,7328.33
4.29,3.59,2.49,84.71,4.82,0.1,7644.67
4.38,3.7,2.58,84.03,5.2,0.11,7982.67
4.43,3.81,2.67,83.37,5.61,0.12,8317.33
4.53,3.89,2.77,82.67,6.02,0.13,8665.67
4.64,4.02,2.88,81.92,6.41,0.14,9041.33
4.73,4.11,2.99,81.19,6.82,0.15,9403.33
4.92,4.19,3.04,80.43,7.27,0.16,9786.33
5.03,4.23,3.12,79.68,7.77,0.17,10158.33
5.11,4.27,3.22,78.92,8.3,0.18,10538.67
5.22,4.35,3.31,78.15,8.78,0.19,10926.0
5.25,4.44,3.39,77.41,9.31,0.2,11293.0
5.29,4.54,3.47,76.63,9.86,0.22,11687.33
5.39,4.64,3.54,75.8,10.4,0.23,12099.0
5.47,4.79,3.6,74.96,10.94,0.24,12521.0
5.53,4.87,3.68,74.16,11.52,0.25,12921.67
5.58,5.0,3.76,73.34,12.07,0.26,13330.33
5.57,5.13,3.82,72.58,12.63,0.27,13709.67
5.65,5.21,3.88,71.77,13.21,0.28,14116.0
5.64,5.3,3.96,70.98,13.82,0.29,14508.33
5.59,5.41,4.06,70.21,14.42,0.31,14893.0
5.53,5.51,4.15,69.42,15.07,0.32,15288.0
5.53,5.53,4.21,68.63,15.77,0.33,15684.67
5.54,5.57,4.29,67.8,16.45,0.34,16098.33
5.61,5.56,4.3,66.97,17.19,0.36,16512.67
5.57,5.62,4.37,66.2,17.88,0.37,16898.67
5.56,5.63,4.39,65.42,18.61,0.38,17289.67
5.59,5.63,4.4,64.62,19.36,0.4,17688.33
5.58,5.65,4.48,63.84,20.04,0.41,18079.67
5.56,5.67,4.51,63.07,20.76,0.43,18465.0
5.56,5.66,4.54,62.25,21.54,0.45,18876.33
5.55,5.65,4.59,61.43,22.33,0.46,19286.33
5.58,5.64,4.6,60.62,23.08,0.47,19691.0
5.6,5.63,4.62,59.82,23.85,0.49,20089.0
5.61,5.63,4.66,59.01,24.59,0.5,20494.0
5.65,5.6,4.69,58.19,25.35,0.52,20906.67
5.69,5.58,4.69,57.38,26.12,0.53,21312.33
5.62,5.61,4.72,56.62,26.87,0.55,21688.67
5.59,5.64,4.75,55.84,27.62,0.56,22079.33
5.56,5.66,4.77,55.06,28.38,0.57,22472.33
5.52,5.65,4.76,54.3,29.18,0.59,22851.0
5.43,5.64,4.76,53.58,29.99,0.6,23210.67
5.34,5.67,4.74,52.84,30.78,0.62,23578.67
5.29,5.7,4.73,52.09,31.56,0.63,23955.33
5.28,5.66,4.72,51.34,32.35,0.65,24331.0
5.24,5.67,4.75,50.6,33.08,0.66,24699.0
5.2,5.68,4.74,49.86,33.84,0.68,25072.33
5.18,5.65,4.72,49.12,34.64,0.7,25440.0
5.16,5.6,4.69,48.41,35.42,0.71,25793.0
5.14,5.54,4.66,47.7,36.23,0.73,26149.0
5.08,5.51,4.65,47.01,37.0,0.75,26494.33
5.05,5.49,4.6,46.29,37.81,0.76,26856.33
4.99,5.42,4.57,45.61,38.63,0.77,27196.0
4.91,5.36,4.59,44.95,39.41,0.79,27525.67
4.84,5.35,4.58,44.28,40.15,0.8,27858.33
4.81,5.3,4.55,43.61,40.92,0.82,28197.33
4.78,5.25,4.51,42.92,41.7,0.83,28539.0
4.79,5.18,4.5,42.22,42.47,0.84,28887.67
4.7,5.18,4.47,41.58,43.21,0.85,29208.33
4.65,5.14,4.42,40.96,43.96,0.87,29519.0
4.63,5.06,4.38,40.32,44.72,0.89,29839.0
4.6,4.98,4.36,39.69,45.48,0.9,30156.0
4.55,4.93,4.32,39.06,46.22,0.92,30470.67
4.49,4.91,4.27,38.44,46.97,0.93,30782.33
4.35,4.89,4.23,37.87,47.7,0.95,31064.67
4.3,4.86,4.18,37.28,48.41,0.96,31358.67
4.26,4.8,4.12,36.7,49.14,0.98,31649.0
4.2,4.77,4.09,36.12,49.84,0.99,31938.67
4.12,4.69,4.07,35.57,50.55,1.0,32214.67
4.06,4.65,4.08,35.0,51.21,1.01,32500.0
3.97,4.62,4.04,34.47,51.87,1.03,32766.33
3.97,4.57,3.99,33.9,52.54,1.04,33050.0
3.99,4.5,3.97,33.29,53.2,1.05,33353.67
3.98,4.41,3.93,32.72,53.9,1.06,33639.0
3.93,4.33,3.87,32.19,54.6,1.07,33905.0
3.96,4.25,3.82,31.61,55.27,1.08,34196.33
3.93,4.21,3.77,31.07,55.93,1.09,34467.0
3.92,4.15,3.72,30.55,56.55,1.1,34726.33
3.87,4.11,3.68,30.03,57.21,1.11,34984.33
3.8,4.11,3.65,29.49,57.82,1.12,35255.67
3.75,4.08,3.62,28.97,58.45,1.13,35515.33
3.71,4.04,3.58,28.48,59.04,1.15,35761.67
3.61,4.05,3.54,28.0,59.64,1.16,36000.67
3.56,4.04,3.49,27.5,60.24,1.17,36249.0
3.5,3.99,3.45,27.05,60.83,1.18,36474.33
3.44,3.96,3.41,26.6,61.41,1.19,36702.0
3.35,3.92,3.4,26.14,61.99,1.2,36928.67
3.26,3.9,3.39,25.71,62.53,1.2,37143.33
3.17,3.84,3.35,25.3,63.12,1.21,37348.33
3.1,3.73,3.32,24.9,63.73,1.22,37549.0
2.99,3.68,3.26,24.51,64.32,1.23,37743.0
2.93,3.63,3.21,24.12,64.86,1.25,37938.33
2.87,3.53,3.19,23.72,65.43,1.26,38138.33
2.8,3.46,3.14,23.34,65.99,1.27,38330.33
2.75,3.38,3.1,22.96,66.52,1.28,38517.67
2.73,3.31,3.05,22.57,67.03,1.3,38713.33
2.68,3.21,3.01,22.22,67.56,1.31,38890.33
2.63,3.13,2.97,21.88,68.08,1.31,39057.67
2.59,3.06,2.93,21.53,68.56,1.32,39234.67
2.56,3.02,2.89,21.17,69.04,1.33,39417.0
2.52,2.94,2.84,20.82,69.55,1.33,39588.0
2.45,2.88,2.78,20.51,70.03,1.34,39745.0
2.4,2.83,2.74,20.18,70.5,1.35,39912.0
2.4,2.77,2.68,19.82,70.97,1.36,40090.0
2.37,2.7,2.63,19.51,71.41,1.37,40245.0
2.33,2.67,2.58,19.2,71.84,1.38,40400.33
2.31,2.66,2.53,18.86,72.27,1.38,40570.33
2.28,2.62,2.48,18.55,72.7,1.39,40725.67
2.27,2.56,2.42,18.24,73.12,1.39,40879.67
2.23,2.51,2.37,17.95,73.55,1.4,41024.67
2.17,2.48,2.33,17.65,73.97,1.4,41176.0
2.15,2.44,2.28,17.36,74.36,1.41,41320.67
2.12,2.39,2.24,17.08,74.75,1.42,41460.0
2.04,2.38,2.2,16.82,75.13,1.43,41590.67
1.99,2.37,2.16,16.56,75.49,1.44,41718.33
1.95,2.33,2.12,16.29,75.86,1.45,41855.0
1.91,2.28,2.08,16.04,76.25,1.45,41982.0
1.87,2.24,2.05,15.78,76.6,1.46,42111.33
1.84,2.21,2.04,15.52,76.92,1.46,42242.0
1.8,2.17,2.0,15.28,77.27,1.47,42361.33
1.78,2.11,1.97,15.04,77.62,1.48,42480.33
1.76,2.07,1.94,14.81,77.95,1.48,42596.67
1.69,2.04,1.9,14.6,78.27,1.49,42698.67
1.65,1.98,1.86,14.39,78.64,1.49,42805.67
1.61,1.94,1.84,14.17,78.95,1.5,42916.67
1.57,1.9,1.81,13.95,79.26,1.51,43025.33
1.54,1.86,1.79,13.73,79.57,1.51,43133.67
1.53,1.82,1.76,13.51,79.86,1.52,43245.67
1.5,1.79,1.72,13.31,80.15,1.53,43346.67
1.49,1.75,1.67,13.11,80.44,1.53,43445.33
1.49,1.72,1.64,12.9,80.71,1.54,43549.67
1.46,1.7,1.6,12.7,80.99,1.54,43648.0
1.46,1.65,1.59,12.49,81.26,1.55,43757.33
1.44,1.63,1.55,12.29,81.53,1.56,43855.67
1.42,1.61,1.52,12.09,81.8,1.56,43955.0
1.43,1.58,1.49,11.88,82.06,1.57,44061.0
1.43,1.55,1.46,11.68,82.32,1.57,44162.33
1.42,1.53,1.44,11.48,82.56,1.57,44259.0
1.41,1.51,1.4,11.29,82.81,1.58,44352.67
1.4,1.51,1.36,11.09,83.06,1.58,44455.67
1.4,1.5,1.33,10.89,83.29,1.59,44553.67
1.37,1.48,1.32,10.72,83.52,1.59,44640.33
1.3,1.49,1.3,10.58,83.74,1.59,44710.67
1.25,1.48,1.28,10.43,83.96,1.6,44786.67
1.21,1.45,1.26,10.27,84.2,1.6,44864.33
1.18,1.44,1.25,10.11,84.42,1.6,44944.33
1.14,1.44,1.23,9.94,84.64,1.61,45027.67
1.1,1.43,1.21,9.79,84.85,1.61,45104.67
1.08,1.41,1.19,9.64,85.06,1.62,45178.0
1.09,1.35,1.17,9.49,85.28,1.62,45257.0
1.09,1.32,1.15,9.34,85.48,1.63,45330.67
1.07,1.3,1.14,9.2,85.66,1.63,45401.0
1.05,1.25,1.12,9.06,85.88,1.64,45469.67
1.02,1.22,1.11,8.93,86.09,1.64,45535.67
1.0,1.2,1.09,8.8,86.28,1.64,45602.33
0.98,1.17,1.07,8.67,86.47,1.65,45667.33
0.95,1.13,1.06,8.53,86.67,1.65,45732.67
0.95,1.09,1.06,8.39,86.86,1.65,45803.67
0.94,1.06,1.04,8.26,87.04,1.66,45872.0
0.96,1.07,1.03,8.1,87.18,1.66,45948.33
0.97,1.04,1.02,7.96,87.35,1.66,46022.33
0.97,1.02,1.01,7.82,87.51,1.66,46089.0
0.97,1.01,0.98,7.69,87.68,1.67,46153.33
0.96,0.98,0.97,7.57,87.84,1.67,46215.0
0.94,0.97,0.96,7.45,88.01,1.67,46276.0
0.94,0.96,0.94,7.31,88.17,1.67,46342.67
0.91,0.96,0.92,7.2,88.33,1.68,46401.33
0.88,0.98,0.9,7.07,88.49,1.68,46462.67
0.84,0.97,0.89,6.98,88.64,1.68,46510.33
0.81,0.96,0.88,6.89,88.79,1.68,46556.33
0.76,0.96,0.87,6.81,88.92,1.68,46596.0
0.72,0.96,0.87,6.73,89.05,1.68,46634.33
0.68,0.96,0.86,6.64,89.18,1.69,46681.67
0.65,0.95,0.84,6.54,89.31,1.69,46727.67
0.61,0.94,0.83,6.46,89.46,1.69,46768.67
0.6,0.91,0.81,6.38,89.6,1.7,46810.0
0.58,0.86,0.8,6.31,89.75,1.7,46844.33
0.57,0.81,0.77,6.24,89.91,1.7,46882.0
0.56,0.78,0.74,6.17,90.05,1.7,46915.67
0.54,0.76,0.71,6.1,90.18,1.71,46949.33
0.52,0.74,0.7,6.03,90.3,1.71,46985.67
0.51,0.71,0.68,5.95,90.43,1.71,47024.33
0.49,0.68,0.66,5.89,90.56,1.72,47055.0
0.47,0.65,0.64,5.84,90.68,1.72,47081.67
0.46,0.61,0.63,5.78,90.81,1.72,47110.0
0.44,0.6,0.6,5.73,90.92,1.72,47137.33
0.43,0.57,0.58,5.68,91.02,1.72,47162.33
0.4,0.57,0.57,5.62,91.11,1.72,47188.0
0.38,0.56,0.56,5.57,91.2,1.72,47214.67
0.38,0.53,0.53,5.51,91.32,1.73,47245.33
0.37,0.49,0.52,5.46,91.43,1.73,47269.0
0.36,0.48,0.5,5.42,91.52,1.73,47290.67
0.35,0.46,0.47,5.38,91.62,1.73,47310.0
0.33,0.44,0.45,5.34,91.7,1.73,47329.67
0.31,0.43,0.44,5.31,91.78,1.73,47345.33
0.3,0.42,0.41,5.27,91.87,1.73,47363.0
0.27,0.42,0.4,5.24,91.94,1.73,47378.67
0.25,0.39,0.39,5.21,92.02,1.73,47394.33
0.23,0.38,0.38,5.18,92.08,1.73,47408.0
0.22,0.37,0.37,5.16,92.14,1.74,47420.0
0.21,0.36,0.36,5.13,92.2,1.74,47434.0
0.2,0.34,0.35,5.11,92.26,1.74,47447.33
0.2,0.32,0.33,5.08,92.33,1.74,47461.33
0.19,0.31,0.32,5.05,92.38,1.74,47475.67
0.19,0.3,0.31,5.03,92.44,1.74,47487.33
0.19,0.27,0.3,5.0,92.5,1.74,47501.67
0.19,0.24,0.29,4.97,92.56,1.74,47515.33
0.19,0.23,0.28,4.95,92.61,1.74,47526.67
0.18,0.22,0.27,4.92,92.67,1.74,47538.67
0.18,0.21,0.24,4.9,92.72,1.75,47551.67
0.17,0.2,0.24,4.88,92.77,1.75,47562.0
0.17,0.19,0.23,4.86,92.81,1.75,47572.33
0.16,0.19,0.22,4.84,92.85,1.75,47581.67
0.15,0.19,0.22,4.82,92.88,1.75,47589.67
0.14,0.18,0.21,4.81,92.91,1.75,47597.33
0.13,0.18,0.2,4.79,92.94,1.75,47603.67
0.12,0.18,0.19,4.78,92.98,1.75,47611.0
0.12,0.18,0.18,4.76,93.01,1.75,47619.67
0.11,0.18,0.17,4.74,93.04,1.75,47629.33
0.11,0.17,0.17,4.72,93.07,1.75,47637.67
0.11,0.16,0.16,4.71,93.1,1.76,47646.33
0.11,0.16,0.16,4.69,93.13,1.76,47653.67
0.11,0.15,0.15,4.68,93.15,1.76,47660.67
0.12,0.14,0.14,4.66,93.18,1.76,47669.33
0.12,0.14,0.13,4.64,93.21,1.76,47678.33
0.11,0.13,0.13,4.63,93.24,1.76,47684.0
0.11,0.12,0.13,4.62,93.27,1.76,47690.33
0.1,0.12,0.13,4.61,93.29,1.76,47695.0
0.09,0.12,0.12,4.6,93.31,1.76,47700.33
0.09,0.11,0.12,4.59,93.33,1.76,47703.67
0.08,0.11,0.12,4.58,93.35,1.76,47710.0
0.08,0.12,0.11,4.57,93.37,1.76,47716.33
0.08,0.12,0.11,4.55,93.38,1.76,47725.0
0.08,0.12,0.1,4.54,93.41,1.76,47732.33
0.09,0.11,0.09,4.52,93.43,1.76,47740.67
0.09,0.1,0.09,4.51,93.44,1.76,47746.33
0.1,0.1,0.09,4.5,93.46,1.76,47752.33
0.09,0.09,0.09,4.49,93.48,1.76,47757.0
0.09,0.09,0.09,4.47,93.49,1.76,47763.33
0.09,0.09,0.09,4.46,93.51,1.76,47769.0
0.08,0.09,0.09,4.45,93.53,1.76,47774.0
0.08,0.08,0.09,4.44,93.55,1.76,47779.67
0.08,0.08,0.09,4.43,93.56,1.76,47786.33
0.08,0.08,0.08,4.41,93.58,1.76,47793.67
0.09,0.08,0.08,4.4,93.58,1.76,47801.67
0.09,0.08,0.09,4.38,93.59,1.76,47808.33
0.1,0.09,0.08,4.36,93.6,1.76,47817.67
0.1,0.09,0.08,4.35,93.62,1.76,47824.0
0.1,0.09,0.08,4.34,93.63,1.76,47830.0
0.1,0.09,0.08,4.33,93.64,1.77,47834.67
0.09,0.09,0.08,4.32,93.66,1.77,47839.67
0.09,0.09,0.08,4.31,93.68,1.77,47846.33
0.09,0.09,0.08,4.3,93.69,1.77,47851.33
0.08,0.09,0.08,4.29,93.7,1.77,47856.33
0.08,0.1,0.08,4.28,93.71,1.77,47862.33
0.07,0.1,0.08,4.27,93.72,1.77,47867.0
0.07,0.1,0.08,4.26,93.73,1.77,47870.67
0.07,0.1,0.08,4.25,93.74,1.77,47874.33
0.06,0.1,0.08,4.24,93.75,1.77,47878.33
0.06,0.1,0.07,4.23,93.77,1.77,47883.67
0.07,0.1,0.07,4.22,93.78,1.77,47889.0
0.06,0.09,0.07,4.21,93.8,1.77,47892.67
0.05,0.09,0.06,4.21,93.81,1.77,47894.33
0.05,0.09,0.06,4.21,93.83,1.77,47896.67
0.05,0.08,0.06,4.2,93.84,1.77,47899.33
0.04,0.08,0.06,4.2,93.85,1.77,47899.67
0.04,0.08,0.05,4.2,93.87,1.77,47902.0
0.04,0.08,0.05,4.19,93.88,1.77,47907.0
0.04,0.08,0.05,4.18,93.89,1.77,47911.33
0.04,0.07,0.05,4.17,93.9,1.77,47916.33
0.04,0.07,0.05,4.16,93.91,1.77,47918.67
0.05,0.06,0.04,4.15,93.93,1.77,47923.33
0.06,0.05,0.04,4.14,93.94,1.77,47929.33
0.06,0.05,0.04,4.13,93.95,1.77,47933.67
0.06,0.05,0.04,4.12,93.96,1.77,47937.67
0.07,0.05,0.04,4.11,93.97,1.77,47944.67
0.06,0.05,0.03,4.1,93.98,1.77,47948.33
0.07,0.05,0.03,4.09,93.99,1.77,47952.67
0.06,0.05,0.03,4.09,94.0,1.77,47955.33
0.06,0.05,0.04,4.08,94.0,1.77,47958.33
0.06,0.05,0.04,4.07,94.01,1.77,47964.0
0.06,0.05,0.04,4.06,94.02,1.77,47968.33
0.06,0.06,0.04,4.05,94.02,1.77,47973.67
0.06,0.07,0.04,4.04,94.02,1.77,47979.67
0.06,0.07,0.04,4.03,94.03,1.77,47984.67
0.07,0.06,0.04,4.02,94.04,1.77,47989.0
0.07,0.06,0.04,4.02,94.05,1.77,47992.33
0.06,0.06,0.04,4.01,94.05,1.77,47995.67
0.06,0.06,0.04,4.0,94.06,1.77,47998.33
0.06,0.07,0.04,4.0,94.07,1.77,48002.0
0.05,0.07,0.04,3.99,94.08,1.77,48007.0
0.05,0.07,0.04,3.98,94.08,1.77,48010.67
0.05,0.07,0.05,3.97,94.09,1.77,48013.67
0.05,0.07,0.05,3.97,94.1,1.77,48016.67
0.05,0.07,0.05,3.96,94.11,1.77,48020.0
0.05,0.07,0.04,3.95,94.12,1.77,48023.67
0.05,0.07,0.04,3.94,94.12,1.77,48029.33
0.05,0.07,0.05,3.93,94.13,1.77,48033.0
0.05,0.07,0.05,3.93,94.14,1.77,48036.0
0.05,0.06,0.05,3.92,94.15,1.77,48038.67
0.05,0.06,0.04,3.92,94.16,1.77,48041.0
0.04,0.05,0.04,3.92,94.17,1.77,48042.0
0.04,0.05,0.04,3.91,94.18,1.77,48044.33
0.03,0.06,0.04,3.91,94.19,1.77,48046.67
0.03,0.05,0.04,3.9,94.2,1.77,48048.33
0.03,0.06,0.04,3.9,94.2,1.77,48050.67
0.03,0.05,0.04,3.9,94.21,1.77,48052.33
0.03,0.05,0.04,3.89,94.22,1.77,48054.67
0.03,0.05,0.04,3.89,94.23,1.77,48057.33
0.03,0.05,0.04,3.88,94.24,1.77,48060.33
0.03,0.05,0.03,3.88,94.24,1.77,48062.33
0.03,0.04,0.03,3.87,94.25,1.77,48064.67
0.03,0.04,0.03,3.86,94.26,1.77,48068.0
0.04,0.03,0.03,3.86,94.27,1.77,48070.0
0.04,0.03,0.03,3.85,94.27,1.77,48074.33
0.04,0.03,0.03,3.85,94.28,1.77,48076.67
0.04,0.03,0.03,3.84,94.29,1.77,48078.67
0.04,0.03,0.03,3.84,94.29,1.77,48081.67
0.04,0.03,0.03,3.83,94.3,1.77,48084.0
0.03,0.03,0.03,3.83,94.3,1.77,48085.33
0.03,0.03,0.03,3.83,94.31,1.77,48086.33
0.03,0.03,0.03,3.82,94.31,1.77,48088.33
0.03,0.03,0.03,3.82,94.31,1.77,48091.33
0.03,0.04,0.03,3.81,94.32,1.77,48094.33
0.03,0.04,0.03,3.81,94.32,1.77,48096.67
0.03,0.04,0.03,3.8,94.33,1.77,48099.33
0.03,0.03,0.03,3.8,94.34,1.77,48101.33
0.03,0.03,0.03,3.79,94.34,1.77,48103.0