incubando,i_mild,i_grave,susceptibles,recuperados,muertos,infectados_totales
0.09,0.0,0.0,99.91,0.0,0.0,47.0
0.21,0.0,0.0,99.79,0.0,0.0,106.67
0.35,0.0,0.0,99.65,0.0,0.0,175.67
0.49,0.0,0.0,99.51,0.0,0.0,243.67
0.64,0.0,0.0,99.36,0.0,0.0,319.67
0.79,0.0,0.0,99.21,0.0,0.0,393.33
0.95,0.0,0.0,99.05,0.0,0.0,477.33
1.04,0.06,0.03,98.87,0.0,0.0,567.33
1.12,0.15,0.06,98.67,0.0,0.0,666.0
1.19,0.25,0.1,98.46,0.0,0.0,768.67
1.27,0.35,0.14,98.24,0.0,0.0,878.67
1.34,0.44,0.2,98.03,0.0,0.0,987.33
1.4,0.54,0.25,97.81,0.0,0.0,1095.0
1.46,0.66,0.29,97.59,0.0,0.0,1205.0
1.51,0.78,0.35,97.35,0.0,0.0,1324.0
1.56,0.92,0.41,97.11,0.0,0.0,1444.33
1.61,1.07,0.46,96.85,0.0,0.01,1573.0
1.67,1.16,0.53,96.57,0.06,0.01,1714.33
1.72,1.22,0.59,96.31,0.15,0.01,1846.0
1.8,1.28,0.66,96.01,0.25,0.01,1995.33
1.89,1.33,0.72,95.7,0.35,0.01,2150.0
2.02,1.4,0.78,95.34,0.44,0.02,2332.0
2.15,1.48,0.85,94.96,0.54,0.02,2518.33
2.24,1.54,0.92,94.61,0.66,0.02,2693.33
2.32,1.61,1.01,94.26,0.78,0.03,2872.33
2.43,1.67,1.08,93.88,0.92,0.03,3062.33
2.55,1.72,1.17,93.46,1.07,0.03,3269.33
2.64,1.8,1.25,93.06,1.22,0.03,3469.0
2.66,1.89,1.33,92.68,1.4,0.04,3662.0
2.66,2.01,1.41,92.3,1.58,0.04,3849.0
2.68,2.11,1.46,91.93,1.77,0.05,4034.67
2.7,2.19,1.53,91.55,1.98,0.05,4223.67
2.71,2.29,1.58,91.17,2.2,0.06,4415.0
2.69,2.4,1.65,90.78,2.43,0.06,4612.0
2.67,2.48,1.72,90.39,2.67,0.06,4804.67
2.65,2.56,1.78,90.02,2.91,0.07,4989.0
2.64,2.62,1.82,89.66,3.18,0.08,5171.33
2.67,2.65,1.88,89.26,3.46,0.08,5371.33
2.69,2.65,1.93,88.86,3.77,0.09,5569.33
2.71,2.66,1.98,88.46,4.1,0.1,5769.0
2.72,2.69,2.02,88.05,4.41,0.1,5973.33
2.77,2.71,2.06,87.62,4.73,0.11,6190.67
2.84,2.69,2.11,87.18,5.06,0.12,6409.33
2.88,2.66,2.14,86.78,5.42,0.12,6612.0
2.9,2.67,2.18,86.35,5.77,0.13,6823.0
2.95,2.67,2.21,85.91,6.12,0.14,7046.33
2.99,2.69,2.25,85.47,6.46,0.15,7262.67
3.02,2.73,2.27,85.03,6.79,0.15,7484.0
3.05,2.77,2.33,84.57,7.12,0.16,7714.67
3.1,2.81,2.34,84.08,7.5,0.17,7961.33
3.18,2.8,2.37,83.6,7.88,0.17,8202.0
3.25,2.83,2.38,83.1,8.26,0.18,8450.33
3.3,2.9,2.41,82.6,8.6,0.18,8698.67
3.36,2.95,2.43,82.11,8.96,0.19,8944.0
3.41,2.97,2.44,81.62,9.36,0.2,9190.33
3.45,3.02,2.46,81.12,9.74,0.2,9439.67
3.42,3.08,2.49,80.65,10.14,0.22,9672.67
3.44,3.12,2.54,80.16,10.53,0.22,9922.0
3.47,3.16,2.58,79.63,10.94,0.23,10184.67
3.49,3.19,2.61,79.11,11.37,0.23,10442.67
3.51,3.26,2.65,78.6,11.74,0.24,10700.0
3.56,3.29,2.69,78.06,12.15,0.25,10971.0
3.61,3.32,2.72,77.51,12.58,0.25,11245.67
3.7,3.35,2.73,76.96,13.0,0.27,11522.0
3.74,3.39,2.77,76.41,13.41,0.28,11794.33
3.76,3.44,2.81,75.87,13.84,0.29,12065.33
3.8,3.44,2.85,75.32,14.3,0.3,12340.33
3.79,3.47,2.88,74.81,14.74,0.31,12593.0
3.8,3.52,2.92,74.26,15.19,0.32,12871.67
3.83,3.56,2.95,73.68,15.65,0.33,13158.67
3.86,3.6,3.0,73.1,16.11,0.33,13451.33
3.87,3.66,3.01,72.54,16.57,0.34,13730.33
3.9,3.68,3.06,71.97,17.04,0.35,14015.0
3.91,3.74,3.1,71.41,17.48,0.36,14296.33
3.98,3.75,3.12,70.84,17.95,0.37,14580.67
4.01,3.76,3.15,70.24,18.44,0.38,14879.0
3.97,3.82,3.17,69.72,18.93,0.39,15142.33
3.93,3.84,3.23,69.17,19.43,0.4,15414.67
3.94,3.85,3.24,68.59,19.95,0.41,15702.67
3.93,3.88,3.25,68.04,20.48,0.42,15980.67
3.92,3.88,3.27,67.49,21.01,0.43,16254.0
3.88,3.89,3.28,66.96,21.54,0.44,16521.33
3.8,3.92,3.32,66.44,22.07,0.45,16780.0
3.82,3.91,3.32,65.9,22.59,0.46,17050.0
3.8,3.94,3.35,65.37,23.07,0.47,17314.67
3.79,3.96,3.37,64.81,23.6,0.48,17597.33
3.77,3.93,3.39,64.27,24.15,0.48,17864.33
3.72,3.95,3.37,63.77,24.69,0.49,18114.0
3.72,3.93,3.36,63.24,25.24,0.5,18379.33
3.72,3.89,3.36,62.72,25.8,0.51,18638.67
3.68,3.88,3.36,62.22,26.34,0.52,18890.0
3.65,3.85,3.34,61.73,26.9,0.53,19137.33
3.59,3.84,3.37,61.22,27.44,0.54,19390.0
3.56,3.83,3.35,60.71,27.98,0.56,19643.33
3.56,3.81,3.34,60.21,28.52,0.56,19896.33
3.53,3.79,3.34,59.71,29.05,0.57,20142.67
3.52,3.78,3.32,59.2,29.6,0.58,20399.67
3.52,3.74,3.3,58.7,30.15,0.59,20650.33
3.52,3.69,3.25,58.2,30.73,0.6,20899.33
3.54,3.69,3.24,57.68,31.24,0.61,21158.33
3.53,3.68,3.23,57.18,31.76,0.62,21408.67
3.55,3.66,3.19,56.66,32.32,0.62,21672.0
3.58,3.62,3.16,56.14,32.86,0.64,21931.33
3.59,3.61,3.12,55.61,33.42,0.65,22197.0
3.61,3.6,3.11,55.09,33.93,0.66,22456.67
3.63,3.57,3.1,54.57,34.46,0.67,22716.33
3.61,3.56,3.1,54.08,34.99,0.68,22962.0
3.6,3.54,3.08,53.59,35.51,0.69,23207.33
3.56,3.58,3.07,53.1,35.99,0.7,23451.67
3.51,3.58,3.08,52.62,36.49,0.71,23687.67
3.47,3.61,3.08,52.13,36.99,0.72,23933.33
3.41,3.62,3.05,51.68,37.51,0.73,24162.0
3.37,3.63,3.05,51.19,38.0,0.75,24403.0
3.37,3.62,3.03,50.7,38.53,0.75,24648.0
3.36,3.61,3.01,50.23,39.03,0.76,24886.0
3.33,3.59,3.02,49.76,39.51,0.77,25118.67
3.32,3.57,3.02,49.3,40.0,0.78,25348.0
3.28,3.55,3.03,48.86,40.49,0.79,25571.0
3.26,3.51,3.02,48.41,40.99,0.8,25794.0
3.21,3.5,2.98,47.98,41.51,0.82,26009.33
3.15,3.47,2.98,47.55,42.02,0.83,26224.67
3.1,3.44,2.96,47.13,42.54,0.84,26433.67
3.07,3.39,2.96,46.69,43.04,0.84,26653.33
3.04,3.37,2.96,46.26,43.52,0.85,26868.0
2.98,3.33,2.95,45.87,44.01,0.85,27063.33
2.92,3.31,2.94,45.49,44.48,0.86,27254.67
2.88,3.27,2.93,45.1,44.95,0.87,27450.33
2.84,3.25,2.89,44.71,45.43,0.88,27645.67
2.81,3.22,2.86,44.32,45.9,0.89,27838.0
2.77,3.17,2.85,43.92,46.4,0.9,28038.33
2.71,3.1,2.83,43.55,46.89,0.91,28223.33
2.69,3.04,2.79,43.18,47.37,0.92,28410.67
2.65,3.0,2.74,42.84,47.84,0.93,28582.0
2.64,2.96,2.71,42.46,48.3,0.93,28771.33
2.61,2.92,2.7,42.1,48.74,0.94,28950.67
2.59,2.88,2.67,41.74,49.18,0.94,29131.0
2.55,2.85,2.65,41.37,49.62,0.95,29313.33
2.52,2.8,2.61,41.03,50.08,0.96,29484.33
2.48,2.77,2.56,40.7,50.52,0.97,29651.0
2.47,2.71,2.53,40.36,50.95,0.98,29819.33
2.43,2.68,2.52,40.03,51.36,0.98,29986.0
2.42,2.65,2.5,39.68,51.76,0.98,30159.33
2.4,2.61,2.48,39.34,52.18,0.99,30329.0
2.37,2.6,2.44,39.0,52.59,1.0,30497.67
2.35,2.58,2.39,38.68,52.99,1.01,30659.67
2.31,2.54,2.35,38.39,53.39,1.02,30804.0
2.28,2.53,2.31,38.08,53.78,1.03,30961.67
2.26,2.51,2.26,37.77,54.17,1.03,31114.33
2.21,2.5,2.23,37.48,54.55,1.04,31262.33
2.18,2.5,2.21,37.17,54.91,1.04,31417.33
2.16,2.47,2.18,36.85,55.3,1.05,31575.67
2.15,2.45,2.13,36.53,55.68,1.05,31736.0
2.16,2.42,2.09,36.24,56.03,1.06,31881.67
2.17,2.38,2.09,35.91,56.39,1.07,32045.33
2.16,2.35,2.05,35.62,56.75,1.07,32192.0
2.15,2.33,2.02,35.33,57.1,1.08,32335.33
2.14,2.3,2.01,35.03,57.45,1.08,32485.33
2.12,2.28,1.95,34.73,57.82,1.09,32634.0
2.1,2.26,1.94,34.43,58.18,1.09,32785.0
2.1,2.22,1.93,34.13,58.52,1.09,32934.0
2.07,2.22,1.92,33.84,58.85,1.1,33078.0
2.06,2.2,1.89,33.56,59.19,1.11,33219.67
2.05,2.2,1.86,33.28,59.5,1.11,33361.0
2.04,2.19,1.83,32.99,59.84,1.12,33504.33
2.0,2.17,1.82,32.73,60.16,1.12,33635.33
1.96,2.17,1.82,32.47,60.46,1.12,33766.33
1.92,2.17,1.8,32.21,60.76,1.13,33895.67
1.9,2.13,1.81,31.94,61.08,1.13,34028.33
1.88,2.1,1.8,31.68,61.4,1.14,34158.0
1.84,2.1,1.79,31.44,61.68,1.14,34281.67
1.8,2.07,1.78,31.19,62.01,1.15,34403.67
1.8,2.04,1.75,30.93,62.32,1.16,34534.33
1.78,2.0,1.75,30.69,62.62,1.16,34657.33
1.75,1.98,1.74,30.46,62.91,1.17,34769.0
1.71,1.95,1.74,30.24,63.2,1.17,34882.0
1.67,1.91,1.74,30.02,63.48,1.18,34990.67
1.63,1.88,1.72,29.81,63.78,1.18,35096.67
1.62,1.84,1.71,29.57,64.07,1.18,35213.0
1.56,1.83,1.7,29.37,64.35,1.19,35315.33
1.54,1.8,1.69,29.15,64.64,1.19,35427.0
1.52,1.75,1.68,28.94,64.92,1.19,35531.33
1.53,1.72,1.65,28.71,65.19,1.2,35646.67
1.52,1.7,1.63,28.5,65.45,1.21,35751.67
1.51,1.65,1.63,28.29,65.7,1.21,35852.67
1.51,1.64,1.62,28.06,65.96,1.21,35968.67
1.52,1.61,1.58,27.85,66.22,1.21,36076.33
1.52,1.58,1.56,27.63,66.49,1.22,36186.0
1.52,1.58,1.54,27.41,66.73,1.22,36293.0
1.48,1.55,1.51,27.22,67.0,1.23,36387.67
1.47,1.53,1.5,27.03,67.25,1.24,36486.33
1.48,1.52,1.48,26.82,67.47,1.24,36592.33
1.43,1.51,1.46,26.63,67.72,1.25,36684.0
1.43,1.51,1.45,26.42,67.94,1.25,36789.33
1.42,1.52,1.43,26.21,68.16,1.26,36894.33
1.4,1.51,1.43,26.01,68.39,1.26,36993.33
1.4,1.49,1.4,25.82,68.62,1.27,37088.33
1.4,1.48,1.37,25.63,68.86,1.27,37184.67
1.38,1.47,1.38,25.44,69.07,1.27,37281.0
1.39,1.44,1.34,25.25,69.31,1.28,37377.0
1.35,1.44,1.33,25.07,69.53,1.28,37463.0
1.29,1.44,1.32,24.93,69.74,1.29,37537.33
1.25,1.42,1.31,24.77,69.97,1.29,37617.33
1.22,1.4,1.31,24.6,70.17,1.29,37700.33
1.2,1.38,1.3,24.43,70.39,1.3,37785.33
1.18,1.36,1.29,24.26,70.61,1.3,37872.33
1.16,1.37,1.28,24.09,70.8,1.3,37957.0
1.16,1.34,1.28,23.92,71.0,1.31,38042.0
1.17,1.32,1.25,23.76,71.2,1.31,38122.0
1.19,1.31,1.23,23.58,71.39,1.31,38210.33
1.17,1.26,1.22,23.43,71.6,1.32,38283.33
1.15,1.25,1.2,23.28,71.8,1.32,38358.67
1.11,1.23,1.19,23.15,72.0,1.32,38427.33
1.1,1.24,1.15,22.98,72.2,1.33,38507.67
1.07,1.22,1.14,22.84,72.4,1.33,38579.0
1.05,1.21,1.11,22.7,72.59,1.34,38647.67
1.01,1.2,1.1,22.57,72.78,1.34,38714.33
1.01,1.19,1.07,22.42,72.96,1.35,38790.67
1.01,1.19,1.06,22.27,73.12,1.35,38863.0
1.02,1.16,1.03,22.12,73.31,1.35,38938.33
1.0,1.17,1.03,21.99,73.47,1.35,39006.67
0.99,1.15,1.0,21.85,73.65,1.36,39076.0
1.0,1.12,0.98,21.71,73.83,1.36,39146.0
1.0,1.09,0.96,21.57,74.02,1.36,39216.0
1.0,1.08,0.94,21.42,74.2,1.36,39292.33
1.02,1.06,0.93,21.25,74.37,1.37,39374.33
1.02,1.05,0.91,21.1,74.55,1.37,39450.0
1.03,1.03,0.89,20.95,74.72,1.37,39522.67
1.04,1.02,0.88,20.81,74.88,1.37,39597.0
1.05,1.02,0.89,20.66,75.01,1.38,39669.0
1.05,1.0,0.9,20.52,75.15,1.38,39740.67
1.04,1.0,0.89,20.37,75.32,1.38,39813.67
1.01,1.02,0.89,20.24,75.46,1.38,39879.33
0.98,1.03,0.88,20.12,75.6,1.39,39939.67
0.96,1.04,0.87,20.0,75.75,1.39,40000.67
0.94,1.03,0.87,19.87,75.9,1.39,40064.67
0.92,1.02,0.87,19.74,76.04,1.4,40129.0
0.9,1.03,0.87,19.62,76.19,1.4,40190.33
0.87,1.03,0.88,19.5,76.32,1.4,40248.0
0.85,1.03,0.87,19.4,76.46,1.4,40302.0
0.84,1.02,0.87,19.28,76.59,1.4,40361.0
0.83,1.0,0.85,19.17,76.74,1.4,40415.0
0.81,0.97,0.85,19.06,76.9,1.41,40467.67
0.79,0.95,0.86,18.95,77.04,1.41,40525.33
0.78,0.93,0.86,18.84,77.19,1.41,40579.33
0.76,0.91,0.85,18.74,77.33,1.41,40628.67
0.76,0.89,0.84,18.64,77.47,1.41,40679.67
0.74,0.87,0.83,18.54,77.61,1.42,40731.67
0.72,0.85,0.81,18.45,77.74,1.42,40775.0
0.7,0.83,0.8,18.36,77.88,1.43,40818.0
0.68,0.84,0.78,18.27,78.0,1.43,40864.33
0.66,0.83,0.77,18.18,78.13,1.43,40909.0
0.67,0.81,0.75,18.07,78.27,1.43,40963.0
0.66,0.79,0.74,17.98,78.4,1.43,41008.33
0.66,0.78,0.72,17.88,78.53,1.44,41059.67
0.65,0.76,0.71,17.8,78.64,1.44,41100.0
0.66,0.75,0.68,17.7,78.77,1.44,41149.0
0.65,0.75,0.65,17.62,78.89,1.44,41191.0
0.65,0.73,0.63,17.53,79.01,1.45,41233.0
0.63,0.73,0.61,17.44,79.14,1.45,41279.33
0.62,0.71,0.6,17.36,79.25,1.45,41318.0
0.6,0.71,0.59,17.28,79.37,1.45,41358.33
0.6,0.69,0.59,17.2,79.47,1.45,41397.67
0.58,0.69,0.57,17.12,79.58,1.46,41441.0
0.58,0.68,0.55,17.04,79.69,1.46,41481.33
0.58,0.67,0.54,16.96,79.79,1.46,41522.0
0.56,0.68,0.53,16.88,79.89,1.47,41557.67
0.55,0.66,0.52,16.81,79.99,1.47,41595.0
0.55,0.65,0.51,16.73,80.09,1.47,41634.67
0.54,0.63,0.5,16.66,80.19,1.47,41668.33
0.53,0.62,0.51,16.59,80.28,1.47,41705.33
0.52,0.6,0.5,16.52,80.38,1.48,41741.0
0.51,0.61,0.5,16.45,80.46,1.48,41776.67
0.51,0.58,0.49,16.38,80.56,1.48,41811.33
0.5,0.58,0.48,16.31,80.65,1.48,41847.33
0.5,0.58,0.47,16.23,80.74,1.48,41884.33
0.49,0.56,0.47,16.18,80.83,1.48,41912.33
0.47,0.55,0.47,16.12,80.9,1.48,41941.33
0.46,0.55,0.47,16.06,80.97,1.49,41971.0
0.45,0.55,0.46,16.0,81.05,1.49,42000.0
0.43,0.54,0.45,15.94,81.14,1.49,42028.33
0.42,0.54,0.45,15.89,81.21,1.49,42057.0
0.4,0.54,0.43,15.83,81.3,1.49,42084.67
0.41,0.53,0.43,15.77,81.38,1.49,42115.0
0.41,0.51,0.42,15.71,81.46,1.49,42144.0
0.4,0.49,0.41,15.66,81.55,1.49,42171.67
0.4,0.49,0.4,15.6,81.61,1.5,42201.33
0.4,0.48,0.4,15.54,81.69,1.5,42228.33
0.4,0.46,0.4,15.48,81.76,1.5,42258.0
0.4,0.44,0.39,15.43,81.84,1.5,42286.67
0.39,0.43,0.39,15.38,81.91,1.5,42308.0
0.38,0.42,0.38,15.34,81.99,1.5,42332.33
0.37,0.39,0.38,15.28,82.07,1.51,42358.33
0.37,0.4,0.37,15.23,82.13,1.51,42385.33
0.36,0.4,0.36,15.18,82.19,1.51,42410.33
0.36,0.39,0.37,15.12,82.25,1.51,42438.33
0.36,0.39,0.37,15.07,82.3,1.51,42466.33
0.38,0.39,0.36,15.01,82.36,1.51,42497.0
0.38,0.38,0.35,14.95,82.42,1.51,42523.67
0.38,0.38,0.34,14.9,82.48,1.51,42550.0
0.38,0.38,0.35,14.85,82.53,1.51,42574.33
0.37,0.37,0.35,14.81,82.59,1.51,42594.67
0.35,0.38,0.34,14.77,82.64,1.51,42613.33
0.33,0.38,0.34,14.74,82.7,1.51,42632.33
0.31,0.38,0.34,14.7,82.76,1.51,42649.67
0.29,0.38,0.34,14.67,82.81,1.52,42667.0
0.27,0.38,0.34,14.63,82.87,1.52,42687.33
0.26,0.38,0.33,14.59,82.92,1.52,42704.0
0.26,0.37,0.33,14.55,82.97,1.52,42722.67
0.26,0.36,0.32,14.51,83.02,1.52,42744.67
0.28,0.35,0.31,14.46,83.08,1.52,42770.0
0.3,0.34,0.3,14.41,83.13,1.52,42797.33
0.31,0.33,0.29,14.36,83.19,1.53,42821.0
0.32,0.31,0.29,14.31,83.25,1.53,42846.67
0.34,0.29,0.28,14.25,83.31,1.53,42872.67
0.34,0.29,0.28,14.22,83.35,1.53,42892.0
0.33,0.28,0.27,14.18,83.41,1.53,42910.67
0.32,0.28,0.27,14.14,83.46,1.53,42930.67
0.3,0.29,0.28,14.1,83.5,1.53,42948.33
0.29,0.29,0.28,14.07,83.54,1.53,42966.67
0.28,0.31,0.28,14.03,83.58,1.53,42986.33
0.27,0.32,0.27,13.99,83.62,1.53,43007.33
0.28,0.32,0.27,13.94,83.66,1.53,43029.67
0.28,0.32,0.27,13.89,83.7,1.53,43053.0
0.28,0.32,0.26,13.85,83.74,1.53,43073.0
0.29,0.32,0.26,13.81,83.78,1.54,43094.0
0.29,0.32,0.24,13.78,83.83,1.54,43112.33
0.3,0.31,0.24,13.73,83.88,1.54,43136.0
0.3,0.3,0.25,13.68,83.93,1.54,43159.67
0.3,0.29,0.25,13.64,83.98,1.54,43182.0
0.3,0.29,0.25,13.59,84.03,1.54,43204.33
0.3,0.28,0.25,13.55,84.07,1.54,43224.67
0.3,0.28,0.26,13.51,84.11,1.54,43242.67
0.29,0.28,0.25,13.48,84.15,1.54,43259.33
0.29,0.29,0.26,13.44,84.19,1.54,43279.33
0.27,0.3,0.26,13.41,84.22,1.54,43295.0
0.26,0.3,0.26,13.38,84.26,1.54,43310.0
0.24,0.3,0.26,13.35,84.3,1.54,43326.33
0.24,0.31,0.26,13.31,84.34,1.54,43344.33
0.24,0.3,0.25,13.28,84.38,1.54,43362.33
0.25,0.3,0.25,13.24,84.43,1.55,43382.33
0.25,0.3,0.25,13.2,84.47,1.55,43402.33
0.26,0.29,0.24,13.15,84.52,1.55,43422.67
0.26,0.28,0.24,13.12,84.55,1.55,43439.0
0.26,0.27,0.24,13.09,84.59,1.55,43456.33
0.26,0.26,0.24,13.05,84.64,1.55,43476.33
0.27,0.25,0.24,13.01,84.69,1.55,43495.33
0.26,0.25,0.24,12.97,84.72,1.55,43514.0
0.27,0.24,0.25,12.93,84.76,1.55,43535.0
0.25,0.25,0.24,12.9,84.8,1.55,43549.33
0.25,0.24,0.24,12.87,84.84,1.55,43564.67
0.25,0.24,0.23,12.83,84.89,1.55,43583.0
0.24,0.25,0.23,12.81,84.92,1.55,43596.67
0.24,0.25,0.24,12.77,84.95,1.56,43614.67
0.25,0.25,0.24,12.73,84.98,1.56,43637.33
0.25,0.25,0.24,12.68,85.02,1.56,43660.67
0.26,0.25,0.24,12.64,85.06,1.56,43681.33
0.27,0.24,0.23,12.6,85.09,1.56,43700.33
0.28,0.25,0.23,12.55,85.13,1.56,43724.67
0.3,0.24,0.22,12.51,85.17,1.56,43746.33
0.31,0.24,0.23,12.46,85.2,1.56,43768.33
0.31,0.25,0.23,12.42,85.23,1.56,43791.67
0.31,0.25,0.24,12.37,85.27,1.56,43814.67
0.31,0.26,0.24,12.33,85.3,1.56,43835.67
0.31,0.27,0.23,12.29,85.34,1.56,43855.0
0.3,0.27,0.24,12.25,85.37,1.56,43874.33