incubando,i_mild,i_grave,susceptibles,recuperados,muertos,infectados_totales
0.01,0.0,0.0,99.99,0.0,0.0,4.0
0.02,0.0,0.0,99.98,0.0,0.0,10.0
0.03,0.0,0.0,99.97,0.0,0.0,14.0
0.03,0.0,0.0,99.97,0.0,0.0,17.33
0.05,0.0,0.0,99.95,0.0,0.0,25.33
0.06,0.0,0.0,99.94,0.0,0.0,31.33
0.07,0.0,0.0,99.93,0.0,0.0,36.67
0.08,0.01,0.0,99.92,0.0,0.0,41.67
0.08,0.01,0.01,99.9,0.0,0.0,50.0
0.09,0.02,0.01,99.88,0.0,0.0,59.0
0.1,0.03,0.01,99.87,0.0,0.0,66.0
0.1,0.04,0.01,99.85,0.0,0.0,75.67
0.1,0.05,0.01,99.83,0.0,0.0,83.33
0.12,0.06,0.02,99.81,0.0,0.0,94.67
0.12,0.06,0.02,99.79,0.0,0.0,103.67
0.14,0.08,0.02,99.76,0.0,0.0,118.33
0.15,0.09,0.03,99.73,0.0,0.0,136.33
0.17,0.09,0.03,99.7,0.01,0.0,151.33
0.18,0.1,0.04,99.67,0.01,0.0,165.33
0.19,0.1,0.04,99.64,0.02,0.0,180.0
0.2,0.11,0.05,99.61,0.03,0.0,193.33
0.22,0.11,0.05,99.58,0.04,0.0,212.33
0.23,0.12,0.06,99.54,0.05,0.0,231.0
0.23,0.14,0.07,99.5,0.06,0.0,252.33
0.24,0.16,0.08,99.46,0.06,0.0,270.33
0.25,0.16,0.09,99.42,0.08,0.0,288.33
0.25,0.17,0.1,99.39,0.09,0.0,305.67
0.26,0.17,0.11,99.35,0.1,0.0,322.67
0.26,0.19,0.12,99.32,0.12,0.0,342.0
0.27,0.21,0.12,99.27,0.13,0.0,364.33
0.27,0.22,0.13,99.22,0.14,0.0,388.67
0.29,0.23,0.15,99.17,0.16,0.0,415.67
0.3,0.23,0.16,99.12,0.18,0.0,437.67
0.31,0.23,0.17,99.08,0.21,0.0,461.0
0.33,0.23,0.17,99.03,0.24,0.0,486.0
0.34,0.24,0.19,98.98,0.26,0.0,511.33
0.34,0.25,0.19,98.93,0.28,0.0,534.33
0.33,0.27,0.2,98.89,0.3,0.0,552.67
0.32,0.28,0.21,98.85,0.33,0.0,574.0
0.32,0.28,0.22,98.81,0.36,0.0,597.33
0.33,0.29,0.23,98.75,0.4,0.0,627.33
0.33,0.3,0.24,98.69,0.43,0.01,652.67
0.34,0.31,0.25,98.64,0.46,0.01,679.67
0.34,0.32,0.25,98.59,0.49,0.01,705.0
0.35,0.32,0.25,98.55,0.52,0.01,726.67
0.35,0.33,0.25,98.5,0.56,0.01,751.0
0.36,0.33,0.26,98.44,0.6,0.01,779.67
0.36,0.34,0.26,98.38,0.65,0.01,809.67
0.37,0.33,0.27,98.32,0.69,0.01,838.0
0.38,0.34,0.27,98.26,0.73,0.01,869.33
0.4,0.34,0.28,98.19,0.78,0.01,906.33
0.43,0.34,0.28,98.12,0.82,0.02,941.33
0.45,0.34,0.28,98.05,0.86,0.02,977.0
0.47,0.34,0.29,97.97,0.91,0.02,1016.0
0.48,0.36,0.29,97.9,0.95,0.02,1051.67
0.49,0.36,0.3,97.83,0.99,0.02,1082.67
0.49,0.38,0.3,97.78,1.04,0.02,1112.33
0.47,0.39,0.31,97.72,1.09,0.02,1139.67
0.46,0.41,0.32,97.66,1.14,0.02,1170.67
0.47,0.42,0.32,97.58,1.19,0.02,1212.33
0.47,0.43,0.33,97.5,1.24,0.03,1251.0
0.47,0.45,0.35,97.42,1.28,0.03,1288.33
0.48,0.47,0.34,97.35,1.33,0.03,1324.33
0.51,0.47,0.35,97.27,1.38,0.03,1365.33
0.53,0.46,0.35,97.19,1.44,0.03,1406.33
0.54,0.47,0.36,97.12,1.48,0.03,1438.33
0.52,0.48,0.38,97.05,1.54,0.03,1474.33
0.53,0.47,0.39,96.97,1.61,0.03,1516.33
0.53,0.47,0.39,96.9,1.67,0.04,1552.0
0.54,0.47,0.4,96.82,1.74,0.04,1592.33
0.54,0.48,0.4,96.73,1.8,0.04,1637.33
0.54,0.49,0.41,96.65,1.87,0.04,1675.67
0.55,0.5,0.41,96.57,1.93,0.04,1713.33
0.56,0.51,0.41,96.49,1.98,0.04,1754.67
0.56,0.54,0.41,96.41,2.04,0.04,1796.0
0.56,0.55,0.41,96.33,2.1,0.05,1833.67
0.57,0.55,0.41,96.25,2.17,0.05,1875.67
0.56,0.57,0.42,96.16,2.23,0.05,1918.33
0.56,0.58,0.42,96.09,2.3,0.05,1956.33
0.57,0.59,0.42,96.0,2.37,0.05,1998.67
0.58,0.58,0.43,95.91,2.45,0.05,2044.0
0.59,0.59,0.42,95.82,2.53,0.05,2090.67
0.62,0.59,0.42,95.72,2.61,0.05,2142.0
0.64,0.6,0.42,95.61,2.68,0.05,2195.33
0.66,0.59,0.43,95.5,2.76,0.05,2248.0
0.69,0.59,0.44,95.4,2.83,0.05,2299.33
0.69,0.59,0.45,95.31,2.9,0.06,2343.0
0.69,0.58,0.45,95.22,3.0,0.06,2389.33
0.69,0.59,0.45,95.13,3.08,0.06,2437.0
0.68,0.61,0.45,95.04,3.16,0.06,2480.67
0.66,0.63,0.46,94.95,3.24,0.06,2523.33
0.66,0.65,0.46,94.85,3.32,0.06,2576.0
0.66,0.66,0.47,94.74,3.4,0.06,2628.0
0.66,0.66,0.48,94.66,3.47,0.07,2672.33
0.66,0.67,0.5,94.57,3.55,0.07,2717.33
0.66,0.69,0.5,94.47,3.62,0.07,2765.33
0.68,0.67,0.52,94.36,3.7,0.07,2821.0
0.7,0.67,0.53,94.25,3.78,0.07,2875.0
0.7,0.68,0.53,94.15,3.87,0.07,2925.67
0.71,0.69,0.55,94.03,3.95,0.07,2985.0
0.74,0.67,0.55,93.91,4.05,0.07,3044.0
0.75,0.65,0.55,93.81,4.16,0.08,3094.67
0.76,0.64,0.56,93.71,4.25,0.08,3144.67
0.76,0.66,0.57,93.6,4.33,0.08,3201.67
0.76,0.68,0.57,93.49,4.42,0.08,3255.67
0.78,0.68,0.58,93.37,4.51,0.08,3313.33
0.76,0.71,0.59,93.27,4.58,0.08,3367.0
0.77,0.73,0.61,93.14,4.66,0.08,3428.67
0.78,0.73,0.61,93.03,4.77,0.08,3483.33
0.8,0.73,0.61,92.91,4.86,0.09,3544.67
0.81,0.74,0.61,92.78,4.96,0.09,3608.67
0.82,0.76,0.61,92.66,5.05,0.09,3667.67
0.83,0.77,0.62,92.55,5.14,0.09,3726.67
0.83,0.77,0.62,92.44,5.25,0.1,3782.33
0.82,0.78,0.63,92.32,5.35,0.1,3840.67
0.83,0.79,0.63,92.2,5.45,0.1,3898.0
0.82,0.8,0.64,92.09,5.55,0.1,3956.0
0.8,0.81,0.64,91.98,5.67,0.11,4010.67
0.8,0.82,0.64,91.87,5.76,0.11,4066.0
0.79,0.84,0.64,91.76,5.86,0.11,4122.33
0.81,0.85,0.63,91.63,5.96,0.12,4185.67
0.82,0.85,0.64,91.5,6.07,0.12,4251.0
0.83,0.85,0.65,91.37,6.17,0.12,4314.67
0.83,0.85,0.66,91.25,6.28,0.12,4373.0
0.84,0.84,0.66,91.14,6.4,0.12,4431.33
0.84,0.83,0.67,91.02,6.51,0.12,4488.0
0.84,0.81,0.68,90.91,6.63,0.13,4544.67
0.82,0.81,0.68,90.8,6.75,0.13,4597.67
0.82,0.82,0.68,90.68,6.87,0.13,4659.33
0.81,0.81,0.7,90.56,6.99,0.13,4721.67
0.82,0.81,0.71,90.43,7.1,0.13,4784.33
0.85,0.8,0.71,90.29,7.22,0.14,4854.67
0.88,0.8,0.71,90.15,7.33,0.14,4926.0
0.9,0.81,0.71,90.01,7.43,0.14,4996.67
0.94,0.81,0.71,89.87,7.54,0.14,5066.33
0.95,0.82,0.71,89.73,7.64,0.14,5135.0
0.97,0.84,0.72,89.59,7.74,0.15,5204.33
0.97,0.84,0.72,89.46,7.86,0.15,5270.0
0.96,0.84,0.73,89.33,7.99,0.15,5336.67
0.95,0.86,0.74,89.19,8.1,0.15,5402.67
0.97,0.88,0.75,89.04,8.21,0.16,5480.67
0.96,0.9,0.76,88.91,8.31,0.16,5546.33
0.98,0.92,0.76,88.75,8.42,0.16,5625.0
0.99,0.93,0.78,88.6,8.54,0.16,5698.0
1.01,0.94,0.78,88.45,8.66,0.17,5776.0
1.04,0.95,0.78,88.29,8.77,0.17,5855.67
1.05,0.96,0.78,88.14,8.9,0.17,5928.0
1.05,0.96,0.8,87.99,9.02,0.18,6006.67
1.08,0.96,0.8,87.82,9.15,0.18,6088.67
1.11,0.97,0.81,87.64,9.29,0.18,6181.0
1.15,0.98,0.8,87.46,9.43,0.19,6271.67
1.17,0.98,0.82,87.28,9.56,0.19,6361.0
1.2,1.0,0.82,87.09,9.7,0.19,6453.67
1.23,1.01,0.82,86.92,9.83,0.2,6541.33
1.23,1.04,0.83,86.75,9.94,0.2,6622.67
1.23,1.06,0.85,86.59,10.06,0.2,6703.33
1.22,1.09,0.88,86.42,10.19,0.2,6790.33
1.22,1.13,0.88,86.24,10.32,0.21,6882.33
1.23,1.17,0.9,86.05,10.44,0.21,6974.0
1.21,1.18,0.92,85.89,10.6,0.21,7057.33
1.19,1.19,0.93,85.73,10.75,0.21,7134.0
1.18,1.19,0.94,85.57,10.89,0.22,7214.33
1.19,1.2,0.94,85.41,11.04,0.22,7296.33
1.17,1.22,0.95,85.25,11.18,0.22,7375.33
1.16,1.23,0.96,85.07,11.35,0.23,7464.33
1.14,1.24,0.97,84.92,11.51,0.23,7542.0
1.13,1.23,0.99,84.75,11.66,0.23,7623.67
1.15,1.2,1.0,84.58,11.83,0.24,7710.67
1.17,1.18,0.99,84.4,12.01,0.24,7800.67
1.18,1.17,1.0,84.23,12.18,0.24,7886.67
1.19,1.16,1.01,84.05,12.34,0.24,7972.67
1.18,1.18,1.02,83.89,12.49,0.25,8053.67
1.2,1.16,1.02,83.72,12.65,0.25,8141.0
1.23,1.14,1.03,83.52,12.82,0.25,8237.67
1.22,1.13,1.05,83.35,12.99,0.26,8323.0
1.21,1.13,1.06,83.19,13.14,0.26,8405.67
1.21,1.13,1.07,83.02,13.3,0.27,8492.33
1.22,1.15,1.06,82.84,13.47,0.27,8580.67
1.24,1.15,1.07,82.66,13.62,0.27,8672.0
1.24,1.18,1.05,82.47,13.77,0.27,8763.33
1.24,1.21,1.05,82.29,13.94,0.28,8857.0
1.23,1.21,1.03,82.13,14.13,0.28,8936.67
1.25,1.23,1.03,81.94,14.28,0.28,9032.33
1.25,1.24,1.04,81.76,14.42,0.28,9118.33
1.25,1.23,1.06,81.59,14.58,0.29,9205.67
1.26,1.24,1.05,81.39,14.76,0.29,9303.33
1.27,1.26,1.04,81.21,14.93,0.29,9396.33
1.26,1.28,1.04,81.02,15.11,0.3,9488.67
1.29,1.27,1.04,80.83,15.26,0.3,9583.67
1.3,1.26,1.05,80.64,15.45,0.3,9682.33
1.33,1.25,1.04,80.43,15.64,0.3,9782.67
1.35,1.25,1.05,80.24,15.81,0.3,9881.33
1.35,1.26,1.06,80.04,15.98,0.31,9977.67
1.35,1.28,1.06,79.85,16.15,0.31,10073.0
1.36,1.29,1.06,79.66,16.31,0.31,10169.0
1.36,1.29,1.06,79.47,16.5,0.32,10262.67
1.35,1.31,1.05,79.28,16.68,0.32,10359.67
1.35,1.3,1.06,79.08,16.88,0.33,10460.0
1.36,1.34,1.06,78.88,17.03,0.33,10560.67
1.36,1.35,1.07,78.69,17.2,0.33,10655.33
1.37,1.37,1.08,78.48,17.36,0.33,10758.33
1.38,1.37,1.09,78.28,17.54,0.34,10861.0
1.41,1.36,1.1,78.07,17.72,0.34,10967.0
1.44,1.37,1.11,77.84,17.89,0.34,11079.67
1.46,1.38,1.12,77.62,18.08,0.35,11188.33
1.47,1.39,1.12,77.4,18.27,0.35,11298.0
1.5,1.38,1.11,77.18,18.46,0.36,11407.67
1.51,1.4,1.11,76.97,18.65,0.36,11513.67
1.52,1.4,1.13,76.76,18.83,0.36,11620.67
1.52,1.42,1.13,76.54,19.02,0.37,11727.67
1.51,1.43,1.14,76.33,19.22,0.37,11832.67
1.5,1.45,1.16,76.13,19.4,0.37,11936.67
1.48,1.47,1.18,75.93,19.57,0.38,12037.33
1.48,1.49,1.19,75.71,19.76,0.38,12147.33
1.47,1.51,1.18,75.5,19.95,0.38,12250.67
1.49,1.52,1.19,75.27,20.15,0.38,12363.67
1.49,1.54,1.19,75.05,20.34,0.39,12474.0
1.5,1.54,1.19,74.83,20.54,0.39,12583.67
1.51,1.54,1.19,74.61,20.74,0.4,12693.33
1.53,1.53,1.19,74.4,20.95,0.4,12801.33
1.51,1.53,1.21,74.19,21.15,0.4,12904.67
1.52,1.52,1.22,73.98,21.35,0.41,13008.33
1.5,1.53,1.22,73.77,21.56,0.41,13112.67
1.49,1.53,1.23,73.56,21.77,0.42,13220.33
1.48,1.53,1.23,73.36,21.98,0.42,13322.0
1.44,1.52,1.24,73.17,22.2,0.42,13414.0
1.43,1.53,1.24,72.97,22.41,0.43,13516.33
1.42,1.51,1.26,72.77,22.6,0.43,13615.67
1.41,1.52,1.26,72.58,22.8,0.44,13711.67
1.38,1.51,1.26,72.39,23.01,0.44,13804.0
1.37,1.52,1.27,72.19,23.21,0.44,13907.33
1.38,1.51,1.26,71.98,23.42,0.45,14011.67
1.38,1.47,1.25,71.79,23.65,0.45,14105.67
1.37,1.46,1.25,71.59,23.87,0.46,14203.67
1.38,1.43,1.25,71.39,24.09,0.46,14305.0
1.4,1.42,1.26,71.18,24.28,0.46,14411.33
1.41,1.39,1.25,70.98,24.5,0.46,14510.0
1.4,1.4,1.26,70.79,24.69,0.47,14607.33
1.4,1.39,1.26,70.58,24.9,0.47,14710.67
1.42,1.38,1.26,70.37,25.09,0.47,14815.0
1.42,1.37,1.26,70.17,25.3,0.48,14915.0
1.41,1.38,1.24,69.98,25.51,0.48,15009.0
1.38,1.42,1.23,69.8,25.69,0.49,15101.33
1.37,1.41,1.23,69.61,25.89,0.49,15195.67
1.37,1.42,1.22,69.41,26.08,0.5,15294.0
1.34,1.43,1.22,69.23,26.27,0.5,15382.67
1.3,1.44,1.22,69.07,26.47,0.5,15466.67
1.28,1.44,1.22,68.89,26.66,0.51,15556.67
1.26,1.43,1.2,68.72,26.88,0.51,15638.67
1.26,1.43,1.2,68.53,27.06,0.51,15732.67
1.26,1.42,1.19,68.35,27.26,0.52,15826.67
1.25,1.4,1.19,68.17,27.48,0.52,15917.33
1.23,1.37,1.18,68.0,27.7,0.52,15999.67
1.23,1.34,1.17,67.84,27.9,0.53,16079.67
1.21,1.34,1.15,67.67,28.09,0.53,16164.0
1.21,1.32,1.13,67.52,28.3,0.53,16241.33
1.19,1.31,1.13,67.34,28.49,0.53,16328.0
1.17,1.3,1.13,67.18,28.69,0.54,16410.67
1.15,1.29,1.12,67.02,28.88,0.54,16490.33
1.16,1.28,1.11,66.84,29.07,0.54,16579.33
1.16,1.26,1.1,66.68,29.26,0.55,16660.0
1.16,1.24,1.09,66.52,29.45,0.55,16742.33
1.16,1.21,1.09,66.35,29.62,0.56,16823.33
1.16,1.22,1.09,66.19,29.79,0.56,16906.0
1.17,1.2,1.08,66.01,29.97,0.57,16995.33
1.18,1.2,1.06,65.84,30.15,0.57,17081.33
1.17,1.18,1.06,65.67,30.34,0.57,17166.67
1.2,1.16,1.05,65.48,30.53,0.58,17258.67
1.2,1.16,1.04,65.32,30.71,0.58,17342.0
1.2,1.15,1.04,65.15,30.88,0.58,17423.67
1.21,1.15,1.03,64.98,31.04,0.59,17511.67
1.21,1.16,1.03,64.79,31.2,0.59,17602.67
1.23,1.19,1.01,64.6,31.37,0.6,17697.67
1.23,1.19,1.01,64.43,31.54,0.6,17783.67
1.23,1.2,1.0,64.26,31.71,0.6,17871.67
1.25,1.2,1.01,64.07,31.87,0.6,17965.33
1.26,1.19,1.02,63.9,32.03,0.61,18052.0
1.27,1.21,1.02,63.7,32.19,0.61,18149.0
1.26,1.22,1.01,63.54,32.36,0.61,18232.33
1.27,1.24,1.01,63.33,32.52,0.62,18332.67
1.29,1.24,1.02,63.14,32.68,0.62,18429.67
1.32,1.25,1.02,62.94,32.84,0.63,18530.33
1.33,1.25,1.02,62.74,33.03,0.63,18631.67
1.37,1.26,1.02,62.53,33.19,0.63,18737.33
1.38,1.27,1.02,62.32,33.37,0.64,18841.0
1.42,1.28,1.01,62.12,33.54,0.64,18941.0
1.42,1.31,1.03,61.91,33.69,0.64,19045.0
1.43,1.31,1.04,61.71,33.87,0.64,19145.0
1.42,1.33,1.04,61.52,34.05,0.65,19241.0
1.42,1.35,1.05,61.31,34.22,0.65,19343.67
1.41,1.38,1.06,61.12,34.39,0.65,19441.67
1.44,1.38,1.08,60.87,34.57,0.66,19563.0
1.45,1.4,1.08,60.67,34.75,0.66,19666.0
1.46,1.41,1.11,60.45,34.92,0.66,19772.67
1.45,1.4,1.12,60.26,35.11,0.66,19870.67
1.46,1.41,1.13,60.06,35.28,0.67,19972.33
1.46,1.43,1.13,59.85,35.46,0.67,20074.0
1.44,1.44,1.13,59.67,35.64,0.67,20163.33
1.39,1.45,1.17,59.48,35.83,0.67,20259.33
1.39,1.44,1.18,59.28,36.03,0.68,20362.0
1.38,1.44,1.19,59.07,36.24,0.68,20463.0
1.38,1.43,1.2,58.88,36.42,0.69,20560.67
1.39,1.43,1.21,58.66,36.61,0.69,20669.0
1.39,1.43,1.22,58.46,36.81,0.69,20769.33
1.41,1.42,1.22,58.27,36.99,0.7,20866.0
1.42,1.43,1.22,58.06,37.17,0.7,20971.67
1.43,1.41,1.25,57.84,37.36,0.7,21078.33
1.43,1.43,1.23,57.64,37.56,0.71,21180.33
1.44,1.41,1.21,57.43,37.78,0.72,21283.0
1.44,1.43,1.21,57.22,37.97,0.72,21388.33
1.45,1.44,1.21,57.01,38.17,0.72,21496.67
1.48,1.43,1.21,56.79,38.36,0.73,21604.33
1.48,1.44,1.21,56.58,38.57,0.73,21709.67
1.47,1.45,1.21,56.37,38.76,0.74,21814.0
1.48,1.46,1.21,56.16,38.95,0.74,21922.33
1.51,1.47,1.21,55.92,39.14,0.74,22038.33
1.52,1.48,1.2,55.7,39.35,0.75,22149.0
1.52,1.47,1.22,55.49,39.55,0.75,22255.0
1.53,1.47,1.24,55.26,39.74,0.75,22367.67
1.54,1.45,1.22,55.04,39.99,0.76,22481.33
1.55,1.45,1.23,54.82,40.19,0.76,22588.0
1.52,1.48,1.21,54.63,40.39,0.77,22684.33
1.49,1.48,1.23,54.43,40.6,0.77,22783.0
1.49,1.49,1.23,54.21,40.8,0.77,22895.67
1.5,1.5,1.24,53.99,41.0,0.78,23004.33
1.48,1.52,1.24,53.79,41.19,0.78,23106.67
1.45,1.51,1.27,53.58,41.4,0.78,23208.33
1.44,1.52,1.27,53.39,41.6,0.79,23306.0
1.44,1.51,1.28,53.2,41.79,0.79,23402.33
1.43,1.51,1.28,53.0,41.98,0.79,23500.33
1.42,1.53,1.29,52.79,42.18,0.8,23605.0
1.42,1.53,1.3,52.57,42.38,0.8,23712.67
1.41,1.52,1.29,52.37,42.6,0.81,23813.67
1.41,1.5,1.29,52.18,42.82,0.81,23911.67
1.42,1.5,1.29,51.97,43.02,0.81,24016.33
1.46,1.47,1.27,51.74,43.25,0.81,24130.67
1.5,1.46,1.28,51.5,43.45,0.82,24249.67
1.5,1.46,1.27,51.29,43.66,0.82,24354.67
1.48,1.47,1.27,51.09,43.86,0.83,24454.33
1.49,1.48,1.25,50.88,44.07,0.83,24559.0
1.53,1.45,1.24,50.65,44.3,0.83,24677.33
1.58,1.46,1.23,50.39,44.51,0.84,24804.33
1.58,1.48,1.23,50.16,44.71,0.84,24919.0
1.55,1.48,1.24,49.95,44.93,0.85,25026.0
1.58,1.5,1.24,49.71,45.13,0.85,25144.0
1.59,1.49,1.24,49.5,45.33,0.85,25250.67
1.61,1.5,1.24,49.27,45.52,0.86,25364.0
1.62,1.52,1.23,49.02,45.74,0.86,25489.67
1.62,1.55,1.24,48.77,45.95,0.87,25613.67
1.63,1.56,1.26,48.53,46.16,0.87,25734.0
1.66,1.57,1.26,48.29,46.35,0.87,25855.0
1.67,1.58,1.27,48.05,46.56,0.87,25977.33
1.68,1.57,1.26,47.82,46.79,0.88,26091.67
1.68,1.58,1.27,47.59,46.99,0.88,26202.67
1.68,1.6,1.29,47.34,47.2,0.88,26327.67
1.67,1.65,1.3,47.11,47.39,0.89,26447.33
1.67,1.67,1.33,46.86,47.58,0.89,26571.33
1.68,1.66,1.34,46.61,47.81,0.9,26696.33
1.69,1.65,1.35,46.36,48.05,0.9,26822.33
1.72,1.66,1.36,46.1,48.26,0.91,26950.0
1.73,1.66,1.37,45.86,48.47,0.91,27069.67
1.71,1.67,1.38,45.63,48.68,0.91,27185.0
1.71,1.69,1.39,45.39,48.89,0.92,27304.0
1.73,1.72,1.39,45.13,49.11,0.92,27434.33
1.72,1.73,1.37,44.89,49.37,0.92,27555.67