incubando,i_mild,i_grave,susceptibles,recuperados,muertos,infectados_totales
0.12,0.0,0.0,99.88,0.0,0.0,58.0
0.25,0.0,0.0,99.75,0.0,0.0,126.33
0.39,0.0,0.0,99.61,0.0,0.0,197.33
0.52,0.0,0.0,99.48,0.0,0.0,262.0
0.66,0.0,0.0,99.34,0.0,0.0,331.67
0.81,0.0,0.0,99.19,0.0,0.0,403.0
0.97,0.0,0.0,99.03,0.0,0.0,484.0
1.02,0.08,0.04,98.86,0.0,0.0,568.0
1.05,0.17,0.08,98.7,0.0,0.0,652.0
1.05,0.27,0.13,98.55,0.0,0.0,724.67
1.08,0.36,0.17,98.4,0.0,0.0,801.0
1.09,0.46,0.21,98.25,0.0,0.0,874.67
1.09,0.55,0.25,98.11,0.0,0.0,946.33
1.08,0.67,0.29,97.96,0.0,0.0,1022.0
1.05,0.79,0.35,97.81,0.0,0.0,1092.67
1.04,0.9,0.4,97.66,0.0,0.0,1170.0
1.05,1.0,0.44,97.5,0.0,0.01,1248.0
1.04,1.03,0.48,97.36,0.08,0.01,1319.0
1.03,1.05,0.52,97.22,0.17,0.01,1390.0
1.05,1.05,0.57,97.06,0.27,0.01,1470.0
1.05,1.06,0.61,96.91,0.36,0.01,1545.0
1.05,1.06,0.65,96.76,0.46,0.02,1620.0
1.04,1.07,0.7,96.62,0.55,0.02,1690.0
1.03,1.07,0.74,96.48,0.67,0.02,1760.67
1.02,1.06,0.78,96.34,0.79,0.02,1830.67
1.04,1.05,0.81,96.18,0.9,0.02,1911.0
1.02,1.06,0.85,96.04,1.0,0.03,1981.0
1.0,1.06,0.89,95.91,1.11,0.03,2047.0
1.01,1.06,0.9,95.75,1.26,0.03,2123.33
1.01,1.06,0.89,95.61,1.39,0.03,2192.67
1.01,1.06,0.89,95.47,1.54,0.04,2263.67
0.99,1.06,0.88,95.35,1.67,0.04,2325.67
0.98,1.07,0.89,95.2,1.82,0.04,2398.67
0.99,1.05,0.89,95.05,1.97,0.04,2476.0
1.0,1.04,0.88,94.9,2.12,0.05,2549.0
0.99,1.04,0.88,94.77,2.28,0.05,2617.0
0.99,1.03,0.87,94.63,2.44,0.05,2685.67
0.99,1.01,0.88,94.48,2.59,0.05,2759.0
0.99,1.0,0.86,94.36,2.74,0.06,2822.0
1.01,1.0,0.87,94.19,2.87,0.06,2902.67
0.99,1.01,0.87,94.05,3.01,0.06,2973.0
0.97,1.01,0.86,93.93,3.16,0.06,3035.67
0.99,1.0,0.85,93.78,3.31,0.07,3110.33
0.99,0.99,0.85,93.63,3.46,0.07,3182.67
0.99,1.0,0.85,93.5,3.59,0.08,3252.0
1.0,0.99,0.84,93.36,3.74,0.08,3320.67
0.96,1.02,0.84,93.23,3.87,0.08,3383.33
0.96,1.03,0.83,93.09,4.0,0.08,3455.33
0.98,1.03,0.82,92.95,4.13,0.09,3527.0
0.97,1.03,0.82,92.81,4.28,0.09,3597.0
0.98,1.03,0.81,92.65,4.43,0.1,3673.67
0.98,1.01,0.81,92.51,4.58,0.1,3744.33
0.99,1.02,0.81,92.37,4.71,0.1,3817.0
1.0,1.01,0.81,92.23,4.84,0.1,3884.67
1.0,1.01,0.81,92.09,4.98,0.1,3953.67
1.0,1.02,0.81,91.94,5.11,0.11,4028.0
0.98,1.0,0.81,91.82,5.28,0.11,4088.67
0.99,0.99,0.81,91.66,5.43,0.12,4168.0
1.01,1.0,0.81,91.5,5.56,0.12,4247.67
1.0,0.99,0.82,91.36,5.7,0.12,4318.0
1.01,0.99,0.82,91.22,5.84,0.13,4390.67
1.01,0.99,0.81,91.08,5.98,0.13,4460.33
1.02,1.0,0.81,90.92,6.11,0.13,4537.67
1.03,1.01,0.81,90.79,6.24,0.13,4604.0
0.99,1.02,0.8,90.67,6.38,0.14,4664.0
0.97,1.03,0.81,90.54,6.52,0.14,4731.67
0.95,1.03,0.81,90.41,6.66,0.14,4793.0
0.96,1.03,0.82,90.26,6.79,0.14,4868.67
0.95,1.03,0.83,90.13,6.92,0.14,4935.0
0.93,1.03,0.84,89.99,7.06,0.15,5003.33
0.93,1.03,0.84,89.86,7.18,0.15,5068.67
0.93,1.02,0.83,89.74,7.33,0.15,5130.0
0.93,1.0,0.82,89.6,7.48,0.16,5198.67
0.95,1.0,0.83,89.46,7.6,0.16,5268.67
0.94,0.99,0.83,89.32,7.75,0.16,5338.0
0.95,0.98,0.83,89.18,7.9,0.16,5408.0
0.95,0.98,0.82,89.04,8.04,0.17,5478.67
0.95,0.97,0.82,88.91,8.18,0.17,5545.67
0.97,0.96,0.8,88.77,8.32,0.17,5614.33
0.97,0.95,0.81,88.63,8.47,0.17,5683.0
0.96,0.95,0.81,88.51,8.61,0.17,5747.33
0.96,0.96,0.81,88.36,8.73,0.17,5817.67
0.94,0.96,0.81,88.25,8.87,0.18,5876.67
0.93,0.98,0.82,88.11,8.98,0.18,5943.67
0.92,0.97,0.82,87.99,9.12,0.18,6004.0
0.9,0.96,0.83,87.87,9.26,0.18,6063.67
0.89,0.95,0.81,87.74,9.41,0.19,6128.33
0.89,0.96,0.81,87.62,9.54,0.19,6191.33
0.87,0.96,0.81,87.49,9.67,0.19,6252.67
0.87,0.95,0.81,87.38,9.8,0.19,6310.67
0.86,0.95,0.8,87.26,9.94,0.2,6371.33
0.85,0.94,0.79,87.14,10.08,0.2,6427.67
0.87,0.93,0.79,87.01,10.21,0.2,6497.33
0.86,0.91,0.8,86.89,10.35,0.2,6557.33
0.86,0.91,0.79,86.76,10.48,0.21,6622.0
0.85,0.9,0.79,86.64,10.61,0.21,6679.33
0.85,0.88,0.78,86.53,10.74,0.21,6737.0
0.84,0.87,0.79,86.41,10.86,0.22,6793.33
0.86,0.86,0.78,86.29,11.0,0.22,6857.33
0.85,0.86,0.8,86.16,11.11,0.22,6920.67
0.85,0.86,0.78,86.04,11.25,0.22,6982.33
0.84,0.85,0.79,85.92,11.38,0.23,7039.67
0.83,0.85,0.78,85.81,11.5,0.23,7094.67
0.83,0.84,0.77,85.7,11.63,0.24,7149.67
0.83,0.83,0.77,85.59,11.75,0.24,7207.33
0.8,0.83,0.77,85.48,11.87,0.24,7259.33
0.81,0.84,0.77,85.35,12.0,0.24,7327.33
0.81,0.84,0.77,85.23,12.11,0.24,7385.0
0.8,0.84,0.78,85.12,12.22,0.24,7440.67
0.8,0.82,0.77,85.01,12.36,0.24,7497.0
0.81,0.81,0.76,84.89,12.48,0.25,7555.67
0.8,0.81,0.76,84.78,12.6,0.25,7609.0
0.81,0.8,0.75,84.67,12.71,0.25,7666.33
0.79,0.82,0.77,84.56,12.82,0.25,7722.0
0.78,0.82,0.76,84.45,12.94,0.26,7776.33
0.78,0.81,0.76,84.34,13.06,0.26,7832.33
0.76,0.81,0.75,84.24,13.18,0.26,7878.0
0.77,0.8,0.74,84.12,13.3,0.26,7939.67
0.76,0.8,0.73,84.02,13.42,0.26,7991.0
0.76,0.81,0.73,83.91,13.52,0.27,8046.0
0.75,0.81,0.72,83.81,13.64,0.27,8096.67
0.76,0.8,0.73,83.69,13.76,0.27,8155.33
0.76,0.8,0.71,83.57,13.88,0.27,8212.67
0.79,0.78,0.71,83.45,14.0,0.27,8273.33
0.76,0.78,0.71,83.36,14.12,0.28,8321.33
0.78,0.78,0.7,83.23,14.22,0.28,8383.33
0.79,0.77,0.69,83.12,14.34,0.28,8440.33
0.79,0.76,0.68,83.01,14.47,0.28,8492.67
0.79,0.76,0.68,82.9,14.58,0.29,8548.0
0.78,0.77,0.67,82.79,14.69,0.29,8604.67
0.77,0.78,0.67,82.68,14.8,0.29,8658.0
0.78,0.77,0.66,82.57,14.91,0.29,8712.67
0.79,0.79,0.67,82.45,15.02,0.29,8776.33
0.79,0.8,0.67,82.33,15.11,0.3,8834.0
0.78,0.78,0.66,82.23,15.24,0.3,8884.67
0.8,0.79,0.66,82.11,15.35,0.3,8947.33
0.79,0.79,0.65,82.0,15.46,0.3,9000.67
0.8,0.79,0.66,81.88,15.56,0.3,9058.67
0.81,0.79,0.67,81.77,15.67,0.31,9116.0
0.81,0.79,0.67,81.64,15.78,0.31,9181.33
0.81,0.78,0.67,81.52,15.91,0.31,9238.67
0.83,0.78,0.66,81.4,16.01,0.32,9298.33
0.81,0.78,0.67,81.29,16.13,0.32,9354.0
0.8,0.79,0.66,81.2,16.24,0.32,9401.0
0.79,0.8,0.66,81.09,16.33,0.32,9453.0
0.78,0.79,0.66,80.99,16.45,0.33,9504.33
0.75,0.8,0.68,80.88,16.55,0.33,9558.67
0.75,0.81,0.68,80.77,16.65,0.33,9614.0
0.73,0.83,0.68,80.67,16.75,0.33,9665.67
0.72,0.82,0.68,80.57,16.88,0.33,9715.67
0.74,0.82,0.67,80.45,16.98,0.34,9772.67
0.74,0.82,0.66,80.35,17.08,0.34,9825.33
0.75,0.8,0.66,80.24,17.2,0.34,9877.67
0.75,0.8,0.67,80.13,17.31,0.34,9933.33
0.76,0.79,0.67,80.02,17.43,0.35,9992.0
0.76,0.79,0.66,79.91,17.53,0.35,10047.0
0.76,0.77,0.66,79.81,17.65,0.35,10096.33
0.76,0.76,0.67,79.69,17.76,0.35,10153.67
0.77,0.75,0.67,79.58,17.88,0.35,10209.33
0.76,0.74,0.66,79.49,18.0,0.36,10256.67
0.74,0.75,0.65,79.39,18.11,0.36,10303.33
0.72,0.76,0.65,79.29,18.22,0.36,10352.67
0.71,0.76,0.65,79.19,18.32,0.36,10404.0
0.74,0.75,0.65,79.07,18.43,0.36,10465.33
0.72,0.76,0.66,78.97,18.53,0.36,10515.0
0.72,0.76,0.66,78.86,18.63,0.36,10569.67
0.74,0.75,0.65,78.75,18.74,0.37,10624.67
0.76,0.74,0.65,78.64,18.85,0.37,10682.0
0.76,0.73,0.65,78.53,18.96,0.37,10733.33
0.77,0.73,0.64,78.43,19.07,0.37,10787.0
0.77,0.74,0.65,78.3,19.17,0.37,10849.33
0.78,0.72,0.66,78.19,19.28,0.37,10905.67
0.78,0.72,0.66,78.08,19.38,0.37,10961.0
0.78,0.74,0.66,77.97,19.47,0.38,11015.0
0.77,0.74,0.66,77.86,19.59,0.38,11069.33
0.78,0.74,0.65,77.75,19.7,0.38,11122.67
0.78,0.75,0.65,77.65,19.79,0.38,11176.33
0.77,0.77,0.67,77.53,19.88,0.38,11234.67
0.76,0.78,0.67,77.43,19.98,0.39,11284.0
0.75,0.78,0.67,77.33,20.08,0.39,11334.67
0.75,0.77,0.66,77.22,20.2,0.39,11391.33
0.75,0.78,0.66,77.11,20.3,0.4,11442.67
0.75,0.78,0.66,77.01,20.41,0.4,11496.33
0.74,0.78,0.65,76.91,20.52,0.4,11547.33
0.73,0.78,0.65,76.8,20.64,0.4,11600.33
0.74,0.78,0.64,76.69,20.74,0.41,11653.67
0.74,0.78,0.63,76.59,20.85,0.41,11703.67
0.73,0.77,0.64,76.49,20.96,0.41,11755.67
0.72,0.78,0.63,76.4,21.07,0.41,11802.0
0.71,0.78,0.63,76.3,21.17,0.41,11851.33
0.71,0.77,0.64,76.2,21.28,0.41,11901.67
0.72,0.77,0.63,76.08,21.39,0.41,11958.67
0.71,0.77,0.63,75.99,21.49,0.42,12006.67
0.7,0.76,0.63,75.89,21.6,0.42,12053.0
0.69,0.76,0.63,75.8,21.71,0.42,12098.67
0.7,0.75,0.62,75.7,21.81,0.42,12151.67
0.71,0.74,0.62,75.59,21.92,0.42,12204.67
0.7,0.73,0.62,75.5,22.02,0.42,12252.0
0.67,0.74,0.61,75.41,22.14,0.43,12293.33
0.67,0.73,0.61,75.32,22.25,0.43,12339.67
0.66,0.71,0.61,75.23,22.36,0.43,12385.33
0.67,0.71,0.6,75.13,22.46,0.43,12434.33
0.67,0.7,0.61,75.03,22.56,0.43,12484.67
0.64,0.71,0.61,74.95,22.67,0.43,12525.0
0.64,0.69,0.61,74.86,22.78,0.43,12571.33
0.65,0.68,0.59,74.76,22.87,0.44,12620.0
0.67,0.69,0.6,74.66,22.96,0.44,12672.33
0.67,0.68,0.6,74.56,23.06,0.44,12718.67
0.66,0.67,0.59,74.47,23.17,0.44,12766.33
0.66,0.67,0.59,74.37,23.26,0.45,12813.33
0.68,0.67,0.58,74.27,23.35,0.45,12867.33
0.69,0.67,0.58,74.17,23.45,0.45,12916.33
0.68,0.67,0.57,74.08,23.55,0.45,12961.33
0.67,0.67,0.57,73.98,23.65,0.45,13009.33
0.68,0.67,0.57,73.88,23.74,0.45,13059.33
0.68,0.67,0.59,73.79,23.82,0.45,13105.33
0.68,0.66,0.59,73.7,23.92,0.45,13151.0
0.66,0.68,0.59,73.61,24.01,0.46,13196.33
0.64,0.68,0.58,73.52,24.11,0.46,13238.67
0.65,0.69,0.57,73.43,24.21,0.46,13286.33
0.65,0.69,0.56,73.33,24.3,0.46,13336.33
0.63,0.7,0.56,73.25,24.4,0.46,13376.33
0.65,0.69,0.56,73.14,24.5,0.47,13429.33
0.66,0.68,0.55,73.04,24.6,0.47,13480.67
0.67,0.68,0.55,72.94,24.69,0.47,13531.0
0.67,0.68,0.54,72.85,24.78,0.47,13575.67
0.69,0.69,0.54,72.74,24.87,0.47,13629.33
0.68,0.68,0.55,72.65,24.97,0.48,13677.33
0.69,0.66,0.55,72.56,25.07,0.48,13721.67
0.69,0.66,0.55,72.45,25.16,0.48,13776.0
0.67,0.66,0.55,72.37,25.26,0.48,13816.67
0.66,0.66,0.56,72.27,25.36,0.49,13863.33
0.66,0.66,0.56,72.18,25.44,0.49,13907.67
0.65,0.67,0.57,72.09,25.53,0.49,13955.33
0.65,0.67,0.57,71.99,25.62,0.49,14003.67
0.67,0.68,0.57,71.89,25.71,0.49,14054.33
0.65,0.69,0.56,71.79,25.81,0.49,14103.0
0.67,0.68,0.55,71.7,25.91,0.49,14150.0
0.67,0.69,0.55,71.6,25.99,0.5,14199.0
0.68,0.68,0.55,71.51,26.08,0.5,14246.0
0.68,0.67,0.56,71.41,26.17,0.5,14295.67
0.67,0.67,0.56,71.32,26.27,0.5,14338.33
0.66,0.68,0.57,71.23,26.36,0.5,14384.0
0.65,0.67,0.58,71.14,26.46,0.5,14430.33
0.65,0.67,0.57,71.05,26.55,0.51,14477.33
0.65,0.68,0.57,70.95,26.64,0.51,14523.67
0.65,0.67,0.57,70.86,26.74,0.51,14569.0
0.63,0.67,0.57,70.78,26.83,0.52,14609.33
0.65,0.67,0.57,70.68,26.92,0.52,14661.0
0.64,0.67,0.57,70.59,27.01,0.52,14703.67
0.63,0.68,0.56,70.51,27.11,0.52,14746.33
0.64,0.68,0.56,70.41,27.2,0.52,14796.0
0.64,0.68,0.55,70.32,27.3,0.52,14841.67
0.64,0.68,0.55,70.22,27.39,0.52,14890.67
0.67,0.66,0.55,70.11,27.48,0.52,14945.33
0.66,0.67,0.54,70.01,27.58,0.53,14993.33
0.67,0.67,0.53,69.93,27.67,0.53,15037.33
0.68,0.66,0.52,69.82,27.77,0.53,15088.33
0.67,0.67,0.53,69.74,27.85,0.53,15131.67
0.68,0.68,0.52,69.63,27.95,0.54,15183.33
0.67,0.68,0.52,69.55,28.04,0.54,15225.67
0.66,0.68,0.53,69.45,28.14,0.54,15274.33
0.65,0.68,0.53,69.36,28.23,0.54,15319.0
0.66,0.68,0.52,69.27,28.32,0.55,15365.67
0.64,0.7,0.52,69.19,28.4,0.55,15406.33
0.65,0.69,0.52,69.09,28.51,0.55,15455.67
0.63,0.69,0.52,69.0,28.6,0.55,15498.0
0.64,0.69,0.52,68.9,28.69,0.55,15547.67
0.66,0.69,0.51,68.79,28.79,0.55,15603.67
0.66,0.68,0.52,68.7,28.88,0.56,15648.33
0.66,0.68,0.52,68.61,28.98,0.56,15696.0
0.69,0.66,0.52,68.5,29.07,0.56,15749.0
0.67,0.67,0.52,68.42,29.17,0.56,15790.33
0.68,0.67,0.51,68.32,29.25,0.56,15837.67
0.66,0.67,0.51,68.24,29.35,0.56,15879.67
0.64,0.68,0.52,68.16,29.44,0.56,15922.33
0.63,0.67,0.53,68.08,29.53,0.57,15961.67
0.62,0.68,0.54,67.99,29.61,0.57,16004.33
0.6,0.67,0.55,67.9,29.7,0.57,16049.0
0.61,0.67,0.55,67.81,29.79,0.57,16096.67
0.61,0.67,0.55,67.71,29.88,0.57,16144.0
0.62,0.68,0.54,67.62,29.97,0.57,16192.0
0.64,0.67,0.53,67.52,30.07,0.58,16240.67
0.65,0.66,0.52,67.43,30.16,0.58,16286.67
0.66,0.64,0.52,67.33,30.26,0.58,16334.0
0.66,0.63,0.52,67.24,30.36,0.58,16379.0
0.65,0.65,0.52,67.15,30.44,0.58,16423.33
0.65,0.65,0.52,67.06,30.54,0.58,16467.67
0.64,0.64,0.52,66.98,30.63,0.58,16511.33
0.63,0.66,0.52,66.89,30.71,0.59,16557.0
0.62,0.65,0.52,66.8,30.81,0.59,16598.0
0.61,0.66,0.52,66.72,30.9,0.59,16640.0
0.6,0.66,0.53,66.64,30.98,0.59,16679.0
0.6,0.66,0.54,66.55,31.06,0.59,16724.67
0.61,0.66,0.54,66.45,31.14,0.59,16773.67
0.62,0.65,0.55,66.36,31.23,0.59,16819.0
0.6,0.64,0.54,66.29,31.34,0.6,16857.33
0.61,0.64,0.53,66.19,31.43,0.6,16902.67
0.61,0.63,0.52,66.11,31.52,0.6,16946.67
0.63,0.61,0.52,66.01,31.63,0.6,16994.33