incubando,i_mild,i_grave,susceptibles,recuperados,muertos,infectados_totales
0.01,0.0,0.0,99.99,0.0,0.0,1.0
0.01,0.0,0.0,99.99,0.0,0.0,1.0
0.01,0.0,0.0,99.99,0.0,0.0,1.0
0.01,0.0,0.0,99.99,0.0,0.0,1.0
0.01,0.0,0.0,99.99,0.0,0.0,1.0
0.02,0.0,0.0,99.98,0.0,0.0,3.33
0.02,0.0,0.0,99.98,0.0,0.0,3.67
0.01,0.01,0.0,99.98,0.0,0.0,3.67
0.03,0.01,0.0,99.97,0.0,0.0,6.0
0.04,0.01,0.0,99.96,0.0,0.0,8.67
0.04,0.01,0.0,99.96,0.0,0.0,8.67
0.04,0.01,0.0,99.95,0.0,0.0,9.0
0.04,0.02,0.0,99.94,0.0,0.0,11.33
0.1,0.02,0.0,99.89,0.0,0.0,22.33
0.11,0.02,0.0,99.87,0.0,0.0,25.67
0.17,0.03,0.0,99.8,0.0,0.0,39.33
0.19,0.04,0.01,99.77,0.0,0.0,45.33
0.25,0.03,0.01,99.7,0.01,0.0,58.67
0.32,0.03,0.01,99.63,0.01,0.0,72.67
0.43,0.04,0.01,99.52,0.01,0.0,95.0
0.47,0.08,0.03,99.42,0.01,0.0,114.0
0.55,0.1,0.03,99.32,0.01,0.0,133.33
0.59,0.14,0.05,99.21,0.02,0.0,155.67
0.77,0.16,0.05,99.0,0.02,0.0,197.0
0.86,0.22,0.06,98.85,0.02,0.0,226.33
1.08,0.25,0.09,98.55,0.03,0.0,284.67
1.27,0.33,0.12,98.25,0.04,0.0,343.33
1.58,0.4,0.14,97.84,0.04,0.0,423.67
1.78,0.47,0.17,97.54,0.04,0.0,483.0
2.14,0.55,0.2,97.07,0.05,0.0,575.0
2.54,0.66,0.25,96.45,0.09,0.0,695.33
3.02,0.76,0.29,95.82,0.1,0.0,819.0
3.33,0.93,0.36,95.22,0.15,0.0,937.33
3.79,1.12,0.45,94.46,0.18,0.0,1085.67
4.23,1.36,0.56,93.61,0.23,0.01,1253.0
4.92,1.52,0.65,92.62,0.28,0.01,1447.0
5.58,1.79,0.76,91.48,0.37,0.01,1670.0
6.02,2.14,0.95,90.43,0.45,0.02,1876.33
6.62,2.53,1.1,89.21,0.52,0.02,2116.67
7.25,2.91,1.25,87.97,0.61,0.02,2358.0
7.71,3.3,1.45,86.75,0.76,0.02,2597.67
7.95,3.78,1.71,85.66,0.89,0.02,2812.0
8.33,4.27,1.97,84.29,1.12,0.03,3080.33
8.48,4.86,2.28,83.0,1.35,0.03,3333.33
8.62,5.28,2.61,81.81,1.64,0.04,3567.33
8.66,5.96,2.91,80.55,1.86,0.06,3814.67
8.64,6.47,3.25,79.34,2.24,0.07,4051.33
8.56,6.89,3.6,78.19,2.69,0.07,4275.67
8.58,7.2,3.88,77.07,3.18,0.08,4495.33
8.23,7.73,4.22,76.06,3.66,0.1,4694.0
7.72,8.05,4.61,75.28,4.24,0.11,4846.33
7.22,8.3,4.9,74.59,4.87,0.12,4983.33
6.58,8.48,5.23,73.97,5.62,0.13,5104.0
6.01,8.51,5.5,73.33,6.5,0.15,5230.33
5.45,8.57,5.77,72.75,7.29,0.17,5344.0
5.0,8.48,5.96,72.08,8.3,0.19,5475.33
4.4,8.33,6.15,71.66,9.25,0.21,5557.33
4.08,8.06,6.23,71.2,10.19,0.23,5646.33
3.75,7.79,6.2,70.83,11.15,0.27,5719.33
3.47,7.23,6.23,70.5,12.29,0.28,5784.67
3.26,6.82,6.25,70.07,13.3,0.3,5868.67
2.98,6.38,6.23,69.77,14.32,0.32,5928.0
2.6,5.97,6.14,69.48,15.47,0.35,5985.33
2.38,5.4,5.99,69.28,16.58,0.37,6023.33
2.07,4.97,5.78,69.13,17.66,0.39,6053.0
2.07,4.41,5.57,68.76,18.77,0.41,6124.67
2.13,3.95,5.34,68.36,19.8,0.42,6203.0
2.05,3.68,5.1,68.02,20.71,0.44,6270.67
2.24,3.35,4.84,67.53,21.58,0.46,6367.33
2.48,3.13,4.62,67.0,22.3,0.47,6470.67
2.67,2.81,4.29,66.61,23.12,0.49,6547.0
3.01,2.52,3.96,66.12,23.89,0.5,6643.33
3.16,2.3,3.74,65.6,24.7,0.5,6744.33
3.32,2.31,3.5,65.05,25.32,0.51,6853.33
3.42,2.24,3.22,64.6,26.0,0.52,6940.33
3.48,2.35,3.0,64.04,26.59,0.54,7050.67
3.75,2.49,2.84,63.25,27.13,0.55,7205.67
4.24,2.47,2.65,62.37,27.72,0.55,7378.0
4.85,2.65,2.57,61.27,28.1,0.56,7594.0
5.07,2.8,2.54,60.53,28.48,0.57,7738.67
5.51,3.04,2.53,59.54,28.81,0.58,7934.0
5.79,3.25,2.5,58.82,29.07,0.58,8075.33
6.27,3.41,2.45,57.77,29.51,0.59,8281.0
6.54,3.69,2.49,56.71,29.98,0.59,8487.33
6.48,4.05,2.6,55.89,30.38,0.6,8648.67
6.31,4.46,2.81,54.96,30.85,0.61,8832.0
6.6,4.58,2.92,53.93,31.35,0.61,9033.0
6.35,5.01,3.11,53.19,31.72,0.63,9178.33
6.5,5.16,3.19,52.32,32.2,0.64,9350.0
6.28,5.51,3.41,51.49,32.66,0.65,9512.33
5.87,5.88,3.61,50.85,33.13,0.67,9638.0
5.74,6.17,3.78,50.15,33.48,0.68,9775.0
5.28,6.43,3.97,49.68,33.95,0.69,9866.67
4.99,6.55,4.21,48.94,34.61,0.7,10011.67
4.74,6.44,4.3,48.45,35.36,0.71,10108.33
4.29,6.31,4.46,48.02,36.19,0.72,10191.67
3.92,6.41,4.54,47.57,36.82,0.74,10281.0
3.71,6.14,4.59,47.14,37.67,0.75,10364.67
3.31,6.09,4.71,46.84,38.27,0.78,10423.67
3.17,5.69,4.73,46.51,39.1,0.79,10488.67
2.69,5.45,4.8,46.25,40.0,0.81,10539.33
2.39,5.22,4.75,46.06,40.76,0.83,10576.67
2.14,4.85,4.73,45.88,41.56,0.84,10611.33
1.81,4.49,4.72,45.76,42.38,0.85,10636.0
1.59,4.26,4.61,45.55,43.12,0.87,10676.0
1.49,3.85,4.45,45.35,43.98,0.88,10716.0
1.25,3.48,4.2,45.25,44.9,0.91,10734.67
1.08,3.23,4.04,45.17,45.57,0.92,10750.67
0.98,2.88,3.82,45.08,46.3,0.93,10769.67
0.86,2.7,3.68,45.02,46.8,0.94,10780.33
0.75,2.29,3.38,45.01,47.62,0.96,10783.0
0.6,2.07,3.16,44.95,48.26,0.96,10794.33
0.48,1.88,3.01,44.87,48.79,0.96,10810.33
0.43,1.63,2.79,44.83,49.35,0.98,10818.33
0.4,1.38,2.49,44.77,49.97,0.98,10829.0
0.34,1.24,2.31,44.73,50.39,0.99,10837.0
0.3,1.03,2.09,44.72,50.86,1.0,10839.67
0.3,0.85,1.88,44.7,51.26,1.0,10842.33
0.29,0.76,1.72,44.66,51.56,1.01,10850.33
0.23,0.7,1.51,44.64,51.9,1.02,10855.67
0.2,0.63,1.37,44.62,52.15,1.02,10858.33
0.15,0.52,1.16,44.62,52.52,1.02,10858.33
0.14,0.43,1.04,44.6,52.77,1.03,10863.67
0.12,0.38,0.93,44.6,52.94,1.03,10863.67
0.11,0.33,0.8,44.6,53.13,1.04,10863.67
0.07,0.29,0.7,44.6,53.31,1.04,10863.67
0.04,0.27,0.63,44.6,53.42,1.04,10863.67
0.03,0.26,0.56,44.6,53.51,1.04,10863.67
0.03,0.23,0.49,44.6,53.61,1.05,10863.67
0.0,0.19,0.44,44.6,53.73,1.05,10863.67
0.0,0.16,0.39,44.6,53.81,1.05,10863.67
0.0,0.12,0.36,44.6,53.87,1.05,10863.67
0.0,0.09,0.3,44.6,53.96,1.05,10863.67
0.0,0.08,0.22,44.6,54.05,1.05,10863.67
0.0,0.07,0.19,44.6,54.09,1.05,10863.67
0.0,0.04,0.17,44.6,54.14,1.06,10863.67
0.0,0.03,0.14,44.6,54.18,1.06,10863.67
0.0,0.02,0.12,44.6,54.21,1.06,10863.67
0.0,0.02,0.12,44.6,54.21,1.06,10863.67
0.0,0.0,0.1,44.6,54.24,1.06,10863.67
0.0,0.0,0.08,44.6,54.26,1.06,10863.67
0.0,0.0,0.07,44.6,54.27,1.06,10863.67
0.0,0.0,0.05,44.6,54.3,1.06,10863.67
0.0,0.0,0.04,44.6,54.3,1.06,10863.67
0.0,0.0,0.04,44.6,54.3,1.06,10863.67
0.0,0.0,0.04,44.6,54.31,1.06,10863.67
0.0,0.0,0.02,44.6,54.32,1.06,10863.67
0.0,0.0,0.02,44.6,54.33,1.06,10863.67
0.0,0.0,0.01,44.6,54.33,1.06,10863.67
0.0,0.0,0.01,44.6,54.33,1.06,10863.67
0.0,0.0,0.0,44.6,54.34,1.06,10863.67
0.0,0.0,0.0,44.6,54.34,1.06,10863.67
0.0,0.0,0.0,44.6,54.34,1.06,10863.67
0.0,0.0,0.0,44.6,54.34,1.06,10863.67
0.0,0.0,0.0,44.6,54.34,1.06,10863.67
0.0,0.0,0.0,44.6,54.34,1.06,10863.67
0.0,0.0,0.0,44.6,54.34,1.06,10863.67
0.0,0.0,0.0,44.6,54.34,1.06,10863.67
0.0,0.0,0.0,44.6,54.34,1.06,10863.67
0.0,0.0,0.0,44.6,54.34,1.06,10863.67
0.0,0.0,0.0,44.6,54.34,1.06,10863.67
0.0,0.0,0.0,44.6,54.34,1.06,10863.67
0.0,0.0,0.0,44.6,54.34,1.06,10863.67
0.0,0.0,0.0,44.6,54.34,1.06,10863.67
0.0,0.0,0.0,44.6,54.34,1.06,10863.67
0.0,0.0,0.0,44.6,54.34,1.06,10863.67
0.0,0.0,0.0,44.6,54.34,1.06,10863.67
0.0,0.0,0.0,44.6,54.34,1.06,10863.67
0.0,0.0,0.0,44.6,54.34,1.06,10863.67
0.0,0.0,0.0,44.6,54.34,1.06,10863.67
0.0,0.0,0.0,44.6,54.34,1.06,10863.67
0.0,0.0,0.0,44.6,54.34,1.06,10863.67
0.0,0.0,0.0,44.6,54.34,1.06,10863.67
0.0,0.0,0.0,44.6,54.34,1.06,10863.67
0.0,0.0,0.0,44.6,54.34,1.06,10863.67
0.0,0.0,0.0,44.6,54.34,1.06,10863.67
0.0,0.0,0.0,44.6,54.34,1.06,10863.67
0.0,0.0,0.0,44.6,54.34,1.06,10863.67
0.0,0.0,0.0,44.6,54.34,1.06,10863.67
0.0,0.0,0.0,44.6,54.34,1.06,10863.67
0.0,0.0,0.0,44.6,54.34,1.06,10863.67
0.0,0.0,0.0,44.6,54.34,1.06,10863.67
0.0,0.0,0.0,44.6,54.34,1.06,10863.67
0.0,0.0,0.0,44.6,54.34,1.06,10863.67
0.0,0.0,0.0,44.6,54.34,1.06,10863.67
0.0,0.0,0.0,44.6,54.34,1.06,10863.67
0.0,0.0,0.0,44.6,54.34,1.06,10863.67
0.0,0.0,0.0,44.6,54.34,1.06,10863.67
0.0,0.0,0.0,44.6,54.34,1.06,10863.67
0.0,0.0,0.0,44.6,54.34,1.06,10863.67
0.0,0.0,0.0,44.6,54.34,1.06,10863.67
0.0,0.0,0.0,44.6,54.34,1.06,10863.67
0.0,0.0,0.0,44.6,54.34,1.06,10863.67
0.0,0.0,0.0,44.6,54.34,1.06,10863.67
0.0,0.0,0.0,44.6,54.34,1.06,10863.67
0.0,0.0,0.0,44.6,54.34,1.06,10863.67
0.0,0.0,0.0,44.6,54.34,1.06,10863.67
0.0,0.0,0.0,44.6,54.34,1.06,10863.67
0.0,0.0,0.0,44.6,54.34,1.06,10863.67
0.0,0.0,0.0,44.6,54.34,1.06,10863.67