incubando,i_mild,i_grave,susceptibles,recuperados,muertos,infectados_totales
0.01,0.0,0.0,99.99,0.0,0.0,5.0
0.01,0.0,0.0,99.99,0.0,0.0,8.0
0.01,0.0,0.0,99.99,0.0,0.0,8.0
0.01,0.0,0.0,99.99,0.0,0.0,8.0
0.01,0.0,0.0,99.99,0.0,0.0,8.0
0.01,0.0,0.0,99.99,0.0,0.0,8.0
0.02,0.0,0.0,99.98,0.0,0.0,11.0
0.02,0.01,0.0,99.97,0.0,0.0,17.0
0.02,0.01,0.01,99.97,0.0,0.0,20.0
0.02,0.01,0.0,99.97,0.0,0.0,23.0
0.02,0.01,0.0,99.97,0.0,0.0,23.0
0.03,0.01,0.0,99.96,0.0,0.0,26.67
0.05,0.01,0.0,99.94,0.0,0.0,40.0
0.06,0.01,0.01,99.92,0.0,0.0,53.67
0.06,0.01,0.01,99.92,0.0,0.0,54.0
0.07,0.02,0.01,99.9,0.0,0.0,67.33
0.1,0.02,0.02,99.87,0.0,0.0,86.67
0.11,0.01,0.02,99.86,0.01,0.0,93.67
0.13,0.01,0.02,99.83,0.01,0.0,111.33
0.17,0.03,0.02,99.77,0.01,0.0,150.67
0.23,0.05,0.03,99.69,0.01,0.0,203.33
0.28,0.05,0.03,99.64,0.01,0.0,241.67
0.36,0.06,0.03,99.54,0.01,0.0,305.0
0.4,0.08,0.04,99.47,0.01,0.0,350.33
0.51,0.08,0.05,99.35,0.01,0.0,435.0
0.67,0.1,0.05,99.16,0.02,0.0,557.0
0.81,0.14,0.06,98.96,0.02,0.0,691.67
0.93,0.2,0.09,98.76,0.02,0.0,823.0
1.08,0.23,0.1,98.56,0.02,0.0,956.0
1.37,0.29,0.13,98.17,0.04,0.0,1215.67
1.84,0.32,0.15,97.64,0.06,0.01,1569.33
2.25,0.4,0.19,97.09,0.06,0.01,1931.33
2.64,0.52,0.24,96.52,0.07,0.01,2312.33
3.01,0.65,0.3,95.95,0.09,0.01,2689.33
3.54,0.78,0.35,95.22,0.1,0.01,3172.67
4.07,0.9,0.41,94.49,0.12,0.01,3657.67
4.34,1.14,0.51,93.83,0.17,0.01,4099.33
4.63,1.46,0.66,93.01,0.23,0.01,4645.67
4.98,1.79,0.83,92.11,0.27,0.01,5238.67
5.14,2.1,1.02,91.38,0.34,0.02,5725.33
5.44,2.48,1.17,90.52,0.39,0.02,6300.33
5.64,2.9,1.37,89.58,0.48,0.02,6921.33
5.75,3.28,1.59,88.75,0.61,0.03,7476.0
5.83,3.61,1.77,88.0,0.76,0.03,7972.67
5.79,4.04,2.0,87.21,0.92,0.03,8493.67
5.74,4.54,2.25,86.37,1.05,0.04,9053.0
5.79,4.77,2.45,85.59,1.35,0.05,9574.33
5.5,5.01,2.69,85.02,1.74,0.06,9954.0
5.19,5.3,2.92,84.39,2.13,0.07,10369.33
4.93,5.5,3.16,83.82,2.53,0.07,10750.0
4.89,5.63,3.32,83.1,2.97,0.08,11224.0
4.67,5.68,3.51,82.55,3.5,0.09,11595.33
4.54,5.76,3.71,81.83,4.05,0.1,12069.67
4.47,5.84,3.88,81.12,4.58,0.11,12543.0
4.55,5.66,3.99,80.47,5.21,0.13,12976.0
4.61,5.48,4.1,79.78,5.9,0.13,13430.0
4.78,5.36,4.21,79.03,6.47,0.14,13927.67
4.86,5.25,4.31,78.25,7.18,0.16,14449.67
5.15,4.97,4.32,77.4,7.99,0.17,15016.0
5.18,4.9,4.34,76.65,8.73,0.19,15512.67
5.22,4.86,4.36,75.9,9.46,0.21,16010.0
5.28,4.76,4.39,75.19,10.16,0.22,16480.67
5.44,4.66,4.38,74.34,10.96,0.22,17046.67
5.64,4.65,4.36,73.39,11.71,0.24,17675.33
5.62,4.82,4.39,72.62,12.29,0.25,18186.0
5.57,4.98,4.38,71.82,12.98,0.27,18719.0
5.76,5.12,4.34,70.89,13.61,0.28,19336.0
5.68,5.13,4.35,70.22,14.33,0.3,19780.0
5.7,5.24,4.31,69.49,14.95,0.31,20265.0
5.68,5.32,4.3,68.66,15.71,0.33,20818.67
5.46,5.5,4.31,67.94,16.45,0.34,21300.33
5.36,5.58,4.34,67.26,17.1,0.35,21748.67
5.23,5.66,4.35,66.59,17.8,0.37,22195.0
4.98,5.76,4.38,65.91,18.58,0.38,22645.0
4.78,5.67,4.34,65.44,19.37,0.4,22957.33
4.58,5.58,4.37,64.91,20.14,0.41,23307.0
4.22,5.65,4.43,64.44,20.83,0.43,23624.67
4.02,5.65,4.45,63.91,21.52,0.44,23973.0
3.77,5.64,4.43,63.49,22.21,0.45,24255.33
3.56,5.53,4.45,63.03,22.97,0.47,24559.0
3.31,5.33,4.44,62.6,23.85,0.48,24845.33
3.15,5.12,4.37,62.29,24.58,0.49,25048.33
3.06,4.93,4.32,61.85,25.33,0.5,25340.67
2.99,4.62,4.26,61.44,26.17,0.51,25614.0
2.86,4.53,4.22,61.05,26.82,0.53,25873.0
2.9,4.29,4.13,60.59,27.54,0.54,26181.33
2.82,4.01,4.03,60.21,28.37,0.56,26430.33
2.76,3.81,3.93,59.83,29.1,0.57,26681.67
2.86,3.53,3.79,59.43,29.8,0.58,26949.67
2.81,3.35,3.73,59.04,30.47,0.59,27207.33
2.84,3.16,3.59,58.61,31.2,0.61,27498.33
2.91,3.11,3.45,58.14,31.78,0.62,27808.33
2.9,3.05,3.36,57.69,32.37,0.63,28107.33
2.99,2.97,3.25,57.22,32.93,0.64,28417.67
3.14,2.88,3.07,56.69,33.56,0.66,28768.67
3.23,2.88,2.99,56.2,34.04,0.66,29098.67
3.42,2.84,2.89,55.62,34.55,0.67,29478.67
3.51,2.84,2.79,55.1,35.09,0.68,29830.0
3.53,2.95,2.73,54.61,35.5,0.69,30155.33
3.63,2.96,2.69,54.06,35.96,0.7,30516.0
3.73,3.0,2.64,53.49,36.44,0.71,30894.33
3.82,3.1,2.6,52.87,36.9,0.71,31306.0
4.02,3.13,2.6,52.18,37.36,0.72,31769.67
4.09,3.26,2.64,51.53,37.75,0.72,32195.67
4.11,3.35,2.66,50.98,38.16,0.73,32562.33
4.14,3.41,2.65,50.46,38.6,0.74,32907.0
4.09,3.52,2.67,49.97,39.0,0.74,33232.33
3.94,3.61,2.71,49.56,39.44,0.75,33509.0
3.69,3.72,2.77,49.18,39.88,0.76,33758.33
3.44,3.89,2.9,48.74,40.27,0.77,34053.0
3.2,4.02,2.94,48.33,40.73,0.77,34322.33
2.97,4.03,2.99,48.02,41.22,0.78,34533.33
2.74,4.04,3.03,47.73,41.68,0.79,34724.67
2.49,3.99,3.03,47.49,42.2,0.8,34885.0
2.29,3.91,3.03,47.26,42.68,0.81,35032.67
2.13,3.83,3.03,47.05,43.13,0.83,35176.33
1.87,3.78,3.03,46.87,43.62,0.84,35293.33
1.63,3.66,3.03,46.71,44.13,0.85,35403.33
1.43,3.44,3.0,46.59,44.69,0.86,35483.33
1.26,3.16,2.95,46.46,45.3,0.87,35563.67
1.09,2.87,2.87,46.4,45.89,0.87,35607.0
0.98,2.64,2.8,46.28,46.41,0.88,35684.0
0.84,2.43,2.71,46.21,46.92,0.89,35734.33
0.75,2.22,2.62,46.12,47.4,0.9,35791.0
0.68,2.04,2.5,46.03,47.85,0.91,35854.33
0.62,1.86,2.38,45.96,48.27,0.91,35897.67
0.54,1.61,2.27,45.92,48.72,0.92,35924.33
0.5,1.37,2.14,45.9,49.16,0.93,35941.0
0.42,1.23,2.01,45.86,49.54,0.94,35964.33
0.37,1.08,1.87,45.84,49.9,0.95,35977.67
0.31,0.97,1.68,45.81,50.28,0.95,35997.67
0.23,0.88,1.53,45.8,50.6,0.96,36004.33
0.19,0.77,1.39,45.78,50.91,0.96,36021.0
0.16,0.66,1.27,45.76,51.18,0.97,36031.0
0.15,0.56,1.14,45.75,51.43,0.97,36037.67
0.11,0.5,1.03,45.75,51.64,0.97,36037.67
0.09,0.43,0.94,45.75,51.81,0.98,36037.67
0.07,0.4,0.83,45.75,51.97,0.98,36041.0
0.06,0.33,0.72,45.75,52.17,0.98,36041.0
0.03,0.29,0.64,45.75,52.3,0.98,36041.0
0.02,0.24,0.56,45.75,52.45,0.99,36041.0
0.01,0.18,0.5,45.75,52.58,0.99,36041.0
0.01,0.14,0.43,45.75,52.69,0.99,36041.0
0.01,0.11,0.37,45.75,52.77,0.99,36041.0
0.0,0.1,0.33,45.75,52.83,0.99,36041.0
0.0,0.07,0.28,45.75,52.9,0.99,36041.0
0.0,0.06,0.25,45.75,52.94,0.99,36041.0
0.0,0.05,0.21,45.75,53.0,0.99,36041.0
0.0,0.04,0.19,45.75,53.02,1.0,36041.0
0.0,0.02,0.16,45.75,53.07,1.0,36041.0
0.0,0.01,0.14,45.75,53.11,1.0,36041.0
0.0,0.0,0.12,45.75,53.14,1.0,36041.0
0.0,0.0,0.09,45.75,53.16,1.0,36041.0
0.0,0.0,0.07,45.75,53.18,1.0,36041.0
0.0,0.0,0.06,45.75,53.2,1.0,36041.0
0.0,0.0,0.05,45.75,53.21,1.0,36041.0
0.0,0.0,0.04,45.75,53.22,1.0,36041.0
0.0,0.0,0.03,45.75,53.22,1.0,36041.0
0.0,0.0,0.02,45.75,53.24,1.0,36041.0
0.0,0.0,0.02,45.75,53.24,1.0,36041.0
0.0,0.0,0.01,45.75,53.25,1.0,36041.0
0.0,0.0,0.0,45.75,53.25,1.0,36041.0
0.0,0.0,0.0,45.75,53.25,1.0,36041.0
0.0,0.0,0.0,45.75,53.25,1.0,36041.0
0.0,0.0,0.0,45.75,53.25,1.0,36041.0
0.0,0.0,0.0,45.75,53.26,1.0,36041.0
0.0,0.0,0.0,45.75,53.26,1.0,36041.0
0.0,0.0,0.0,45.75,53.26,1.0,36041.0
0.0,0.0,0.0,45.75,53.26,1.0,36041.0
0.0,0.0,0.0,45.75,53.26,1.0,36041.0
0.0,0.0,0.0,45.75,53.26,1.0,36041.0
0.0,0.0,0.0,45.75,53.26,1.0,36041.0
0.0,0.0,0.0,45.75,53.26,1.0,36041.0
0.0,0.0,0.0,45.75,53.26,1.0,36041.0
0.0,0.0,0.0,45.75,53.26,1.0,36041.0
0.0,0.0,0.0,45.75,53.26,1.0,36041.0
0.0,0.0,0.0,45.75,53.26,1.0,36041.0
0.0,0.0,0.0,45.75,53.26,1.0,36041.0
0.0,0.0,0.0,45.75,53.26,1.0,36041.0
0.0,0.0,0.0,45.75,53.26,1.0,36041.0
0.0,0.0,0.0,45.75,53.26,1.0,36041.0
0.0,0.0,0.0,45.75,53.26,1.0,36041.0
0.0,0.0,0.0,45.75,53.26,1.0,36041.0
0.0,0.0,0.0,45.75,53.26,1.0,36041.0
0.0,0.0,0.0,45.75,53.26,1.0,36041.0
0.0,0.0,0.0,45.75,53.26,1.0,36041.0
0.0,0.0,0.0,45.75,53.26,1.0,36041.0
0.0,0.0,0.0,45.75,53.26,1.0,36041.0
0.0,0.0,0.0,45.75,53.26,1.0,36041.0
0.0,0.0,0.0,45.75,53.26,1.0,36041.0
0.0,0.0,0.0,45.75,53.26,1.0,36041.0
0.0,0.0,0.0,45.75,53.26,1.0,36041.0
0.0,0.0,0.0,45.75,53.26,1.0,36041.0
0.0,0.0,0.0,45.75,53.26,1.0,36041.0
0.0,0.0,0.0,45.75,53.26,1.0,36041.0
0.0,0.0,0.0,45.75,53.26,1.0,36041.0
0.0,0.0,0.0,45.75,53.26,1.0,36041.0
0.0,0.0,0.0,45.75,53.26,1.0,36041.0
0.0,0.0,0.0,45.75,53.26,1.0,36041.0
0.0,0.0,0.0,45.75,53.26,1.0,36041.0