incubando,i_mild,i_grave,susceptibles,recuperados,muertos,infectados_totales
0.02,0.0,0.0,99.98,0.0,0.0,8.0
0.04,0.0,0.0,99.96,0.0,0.0,19.6
0.06,0.0,0.0,99.94,0.0,0.0,29.4
0.08,0.0,0.0,99.92,0.0,0.0,40.8
0.11,0.0,0.0,99.89,0.0,0.0,54.8
0.14,0.0,0.0,99.86,0.0,0.0,68.8
0.16,0.0,0.0,99.84,0.0,0.0,78.8
0.16,0.01,0.01,99.82,0.0,0.0,87.6
0.17,0.03,0.01,99.79,0.0,0.0,102.6
0.17,0.04,0.02,99.77,0.0,0.0,115.8
0.18,0.06,0.02,99.74,0.0,0.0,130.2
0.17,0.08,0.03,99.72,0.0,0.0,141.2
0.17,0.1,0.04,99.69,0.0,0.0,155.2
0.18,0.11,0.04,99.66,0.0,0.0,168.8
0.18,0.12,0.05,99.64,0.0,0.0,178.4
0.18,0.15,0.06,99.62,0.0,0.0,191.2
0.17,0.16,0.07,99.59,0.0,0.0,203.0
0.17,0.17,0.07,99.57,0.01,0.0,215.8
0.18,0.17,0.08,99.54,0.03,0.0,230.2
0.18,0.18,0.09,99.51,0.04,0.0,243.4
0.17,0.18,0.1,99.49,0.06,0.0,255.6
0.19,0.17,0.1,99.46,0.08,0.0,271.0
0.2,0.17,0.11,99.42,0.1,0.0,289.2
0.2,0.17,0.12,99.39,0.11,0.0,305.0
0.21,0.18,0.13,99.35,0.12,0.0,323.0
0.23,0.18,0.13,99.31,0.15,0.0,343.8
0.24,0.18,0.14,99.28,0.16,0.0,362.0
0.25,0.17,0.15,99.24,0.18,0.0,382.4
0.27,0.18,0.15,99.19,0.2,0.0,404.4
0.27,0.19,0.16,99.16,0.23,0.0,422.4
0.27,0.19,0.16,99.12,0.25,0.0,441.8
0.28,0.2,0.16,99.07,0.27,0.01,463.4
0.28,0.21,0.17,99.04,0.3,0.01,481.6
0.28,0.22,0.17,98.99,0.32,0.01,503.8
0.28,0.24,0.18,98.95,0.34,0.01,524.0
0.28,0.25,0.18,98.91,0.37,0.01,543.4
0.28,0.25,0.18,98.87,0.4,0.01,564.0
0.28,0.27,0.19,98.84,0.42,0.01,581.2
0.28,0.27,0.19,98.79,0.45,0.01,603.2
0.29,0.27,0.19,98.75,0.49,0.01,626.4
0.28,0.28,0.2,98.71,0.52,0.01,645.0
0.29,0.29,0.2,98.66,0.55,0.01,667.8
0.3,0.28,0.21,98.62,0.59,0.01,692.4
0.3,0.29,0.21,98.57,0.62,0.01,712.8
0.3,0.28,0.21,98.53,0.65,0.01,733.6
0.32,0.28,0.22,98.48,0.69,0.01,762.2
0.32,0.29,0.22,98.43,0.73,0.02,787.2
0.33,0.29,0.23,98.38,0.76,0.02,812.4
0.35,0.29,0.23,98.32,0.8,0.02,840.4
0.35,0.3,0.24,98.26,0.83,0.02,868.0
0.36,0.29,0.24,98.21,0.88,0.02,893.4
0.37,0.29,0.24,98.16,0.91,0.02,920.0
0.37,0.31,0.25,98.1,0.95,0.02,948.8
0.37,0.32,0.25,98.05,0.99,0.02,973.4
0.38,0.33,0.25,98.0,1.02,0.02,1001.8
0.38,0.34,0.26,97.94,1.06,0.02,1029.6
0.38,0.34,0.26,97.89,1.11,0.02,1056.2
0.39,0.36,0.26,97.83,1.14,0.02,1086.4
0.39,0.36,0.27,97.77,1.18,0.03,1114.6
0.39,0.37,0.27,97.71,1.23,0.03,1143.4
0.41,0.37,0.27,97.64,1.27,0.03,1178.8
0.41,0.39,0.28,97.59,1.31,0.03,1207.4
0.42,0.38,0.28,97.52,1.36,0.03,1239.6
0.43,0.38,0.29,97.45,1.41,0.03,1273.0
0.44,0.39,0.29,97.38,1.46,0.03,1307.8
0.46,0.39,0.3,97.31,1.51,0.03,1344.2
0.48,0.39,0.3,97.24,1.56,0.03,1382.2
0.48,0.41,0.31,97.16,1.61,0.03,1420.2
0.51,0.41,0.31,97.08,1.66,0.03,1460.6
0.52,0.42,0.32,97.0,1.71,0.03,1501.6
0.54,0.42,0.32,96.92,1.76,0.03,1540.6
0.54,0.43,0.33,96.84,1.82,0.04,1579.4
0.54,0.44,0.34,96.77,1.87,0.04,1614.6
0.55,0.46,0.35,96.69,1.92,0.04,1656.2
0.56,0.47,0.36,96.6,1.97,0.04,1697.8
0.56,0.49,0.37,96.52,2.03,0.04,1738.8
0.55,0.51,0.37,96.44,2.08,0.04,1778.0
0.56,0.51,0.38,96.36,2.15,0.04,1818.6
0.57,0.52,0.39,96.28,2.2,0.04,1862.2
0.6,0.53,0.4,96.18,2.26,0.04,1912.4
0.61,0.55,0.4,96.08,2.32,0.04,1961.8
0.63,0.56,0.41,95.98,2.38,0.05,2010.6
0.65,0.56,0.42,95.88,2.45,0.05,2062.4
0.67,0.57,0.42,95.78,2.52,0.05,2111.2
0.69,0.57,0.42,95.67,2.59,0.05,2163.0
0.71,0.58,0.43,95.57,2.66,0.05,2216.0
0.71,0.59,0.45,95.47,2.74,0.05,2266.6
0.72,0.6,0.46,95.36,2.81,0.05,2319.8
0.74,0.62,0.47,95.24,2.88,0.06,2379.0
0.74,0.64,0.48,95.14,2.95,0.06,2431.8
0.75,0.65,0.48,95.03,3.03,0.06,2484.8
0.75,0.66,0.49,94.92,3.11,0.06,2538.0
0.76,0.68,0.51,94.81,3.19,0.06,2595.4
0.77,0.69,0.52,94.7,3.27,0.06,2650.8
0.78,0.71,0.53,94.58,3.34,0.06,2710.2
0.78,0.73,0.54,94.46,3.42,0.06,2769.8
0.79,0.72,0.56,94.34,3.52,0.06,2828.6
0.81,0.73,0.56,94.22,3.61,0.07,2891.8
0.83,0.75,0.56,94.09,3.7,0.07,2954.4
0.83,0.75,0.58,93.98,3.79,0.07,3010.2
0.84,0.75,0.59,93.86,3.89,0.07,3068.6
0.85,0.76,0.61,93.73,3.98,0.07,3136.2
0.86,0.78,0.62,93.6,4.07,0.07,3199.0
0.86,0.8,0.62,93.48,4.17,0.07,3260.4
0.86,0.81,0.64,93.35,4.26,0.08,3323.6
0.87,0.81,0.65,93.22,4.37,0.08,3389.2
0.88,0.82,0.67,93.09,4.46,0.08,3452.6
0.9,0.82,0.67,92.96,4.56,0.08,3518.2
0.9,0.83,0.68,92.83,4.67,0.08,3585.8
0.91,0.83,0.7,92.69,4.78,0.09,3654.4
0.94,0.84,0.71,92.54,4.88,0.09,3728.4
0.95,0.86,0.71,92.41,4.99,0.09,3796.6
0.95,0.85,0.73,92.28,5.11,0.1,3862.2
0.96,0.85,0.73,92.13,5.22,0.1,3934.0
0.98,0.86,0.74,91.98,5.34,0.1,4007.8
1.0,0.87,0.74,91.83,5.45,0.1,4084.4
1.01,0.89,0.75,91.68,5.57,0.1,4161.4
1.02,0.92,0.75,91.52,5.68,0.11,4240.8
1.04,0.93,0.76,91.37,5.8,0.11,4316.4
1.08,0.93,0.77,91.2,5.9,0.11,4400.0
1.09,0.95,0.78,91.04,6.02,0.12,4480.6
1.1,0.96,0.79,90.88,6.15,0.12,4559.2
1.12,0.99,0.79,90.71,6.27,0.12,4643.8
1.13,1.01,0.81,90.54,6.38,0.12,4728.0
1.14,1.03,0.83,90.38,6.5,0.13,4808.8
1.14,1.03,0.83,90.23,6.64,0.13,4886.8
1.13,1.06,0.83,90.07,6.77,0.13,4967.0
1.14,1.07,0.84,89.9,6.91,0.13,5048.6
1.13,1.08,0.85,89.75,7.05,0.14,5126.4
1.12,1.12,0.85,89.59,7.18,0.14,5203.0
1.12,1.14,0.85,89.43,7.32,0.14,5286.0
1.14,1.15,0.86,89.25,7.46,0.15,5377.0
1.15,1.14,0.88,89.08,7.6,0.15,5462.0
1.16,1.15,0.87,88.91,7.76,0.15,5545.4
1.17,1.15,0.89,88.74,7.9,0.15,5631.4
1.19,1.16,0.9,88.56,8.04,0.15,5720.6
1.21,1.15,0.9,88.39,8.2,0.16,5805.6
1.21,1.15,0.91,88.22,8.36,0.16,5891.6
1.19,1.17,0.91,88.05,8.51,0.16,5974.0
1.2,1.17,0.92,87.87,8.66,0.16,6062.8
1.21,1.17,0.93,87.7,8.82,0.17,6148.4
1.21,1.18,0.93,87.53,8.98,0.17,6234.2
1.2,1.21,0.94,87.36,9.12,0.17,6321.0
1.22,1.21,0.95,87.17,9.28,0.17,6415.4
1.23,1.22,0.95,86.99,9.44,0.18,6507.0
1.25,1.23,0.95,86.8,9.59,0.18,6597.8
1.26,1.25,0.94,86.61,9.75,0.18,6694.0
1.27,1.25,0.95,86.43,9.91,0.18,6785.6
1.28,1.24,0.96,86.25,10.09,0.19,6876.0
1.29,1.24,0.97,86.06,10.25,0.19,6968.0
1.29,1.25,0.98,85.88,10.42,0.19,7060.6
1.29,1.25,0.98,85.69,10.59,0.2,7153.6
1.3,1.25,0.98,85.51,10.76,0.2,7245.8
1.28,1.27,0.99,85.33,10.93,0.2,7333.0
1.29,1.28,0.99,85.14,11.09,0.2,7428.2
1.3,1.29,0.99,84.94,11.26,0.21,7527.8
1.31,1.29,0.99,84.76,11.43,0.21,7620.8
1.3,1.31,1.01,84.58,11.59,0.22,7711.2
1.3,1.32,1.01,84.4,11.76,0.22,7801.2
1.3,1.33,1.02,84.21,11.92,0.22,7894.8
1.3,1.32,1.02,84.03,12.1,0.23,7984.8
1.3,1.32,1.04,83.84,12.27,0.23,8080.6
1.29,1.33,1.04,83.65,12.45,0.23,8174.2
1.3,1.33,1.05,83.45,12.63,0.23,8273.0
1.31,1.33,1.05,83.27,12.81,0.23,8364.8
1.32,1.33,1.05,83.08,12.99,0.24,8459.0
1.31,1.33,1.05,82.9,13.17,0.24,8547.6
1.32,1.32,1.06,82.71,13.34,0.25,8643.0
1.31,1.33,1.07,82.53,13.52,0.25,8734.4
1.31,1.32,1.07,82.34,13.7,0.25,8830.4
1.3,1.35,1.07,82.15,13.87,0.25,8923.4
1.31,1.34,1.08,81.96,14.05,0.26,9019.2
1.32,1.32,1.09,81.76,14.25,0.26,9117.6
1.32,1.31,1.09,81.58,14.43,0.27,9209.0
1.33,1.31,1.1,81.39,14.61,0.27,9306.6
1.34,1.31,1.09,81.19,14.79,0.27,9402.6
1.34,1.31,1.1,81.0,14.98,0.27,9499.6
1.34,1.33,1.1,80.81,15.15,0.28,9593.8
1.34,1.33,1.1,80.63,15.33,0.28,9687.0
1.33,1.33,1.11,80.44,15.51,0.28,9782.2
1.33,1.32,1.11,80.25,15.71,0.29,9872.6
1.32,1.33,1.11,80.07,15.88,0.29,9964.2
1.31,1.34,1.11,79.88,16.06,0.29,10057.8
1.32,1.35,1.11,79.68,16.24,0.3,10160.8
1.32,1.36,1.11,79.49,16.41,0.3,10255.8
1.33,1.35,1.12,79.3,16.59,0.31,10349.8
1.34,1.36,1.12,79.1,16.78,0.31,10451.8
1.36,1.34,1.13,78.9,16.96,0.31,10550.8
1.38,1.34,1.13,78.69,17.15,0.32,10655.0
1.38,1.33,1.12,78.5,17.34,0.32,10750.0
1.36,1.34,1.13,78.32,17.53,0.32,10841.8
1.37,1.34,1.13,78.11,17.71,0.33,10942.6
1.4,1.34,1.13,77.9,17.9,0.33,11047.8
1.39,1.34,1.13,77.71,18.09,0.34,11145.4
1.39,1.34,1.15,77.51,18.28,0.34,11247.0
1.38,1.35,1.15,77.31,18.47,0.34,11346.2
1.38,1.35,1.16,77.12,18.65,0.35,11440.6
1.39,1.35,1.16,76.92,18.83,0.35,11538.4
1.38,1.35,1.18,76.73,19.0,0.35,11633.4
1.36,1.37,1.18,76.55,19.19,0.36,11725.8